1909 12
-24
-87
95
46
17
65
-11
22
-28
-5
-49
-36
-59
5
1
-8
-91
65
71
10
-26
33
43
8
-14
43
-32
-41
-65
8
17
39
67
-2
-20
24
-14
-59
18
-39
-8
-8
22
-28
9
-2
-50
-35
6
-7
53
-9
21
69
-44
-36
-44
96
-41
-13
-30
31
-51
32
26
3
-4
2
-69
-18
22
-54
34
51
17
-3
-24
40
-73
-36
20
-81
-19
-10
22
-57
3
-59
23
77
29
-45
-40
-36
-13
-40
-28
-57
-10
23
16
-14
55
76
90
-45
-32
-49
17
2
43
23
71
-29
33
54
-46
2
20
-25
72
18
8
92
-8
-51
17
-18
33
8
-54
-82
47
76
57
55
20
-42
-3
6
42
-69
20
45
17
-26
3
65
-42
-28
55
-2
-50
9
-77
-48
50
-28
-6
-38
6
-70
-56
-1
-24
-76
6
-3
27
49
48
17
21
14
-69
27
8
-75
8
-65
47
47
-6
55
17
-90
-4
-4
-8
-18
33
-64
-57
-66
-6
-7
-28
38
66
40
-20
39
-14
47
7
-6
23
32
-48
22
-13
58
-18
13
17
-14
-2
28
-41
-9
-15
15
-61
49
-15
-24
15
-62
-4
32
-29
12
-7
14
7
-7
-10
64
82
4
94
16
17
0
-47
-20
-71
-16
37
88
1
21
-65
-3
-26
-35
-39
22
-1
-9
85
29
20
58
-8
-13
80
12
-13
-62
-25
7
3
-12
-39
-71
-42
-17
4
35
54
20
5
-11
2
67
32
-5
-27
-50
37
0
-28
-29
3
5
4
-25
-4
-28
-68
-35
27
-6
-69
-29
60
-3
67
30
4
12
90
63
-39
9
13
1
43
-6
40
24
-46
53
-63
15
38
-26
0
-10
53
-4
-36
7
-32
-16
10
-80
-17
-22
-49
25
5
47
56
-43
-5
20
61
-48
0
4
1
4
37
-46
-33
-53
-46
-34
46
-47
52
21
1
77
-54
-2
-18
36
-33
-64
35
-6
77
-21
75
-26
-8
-53
48
57
16
-65
8
-54
-81
-77
66
65
-53
-8
-39
68
30
39
66
-4
-15
2
41
6
75
78
-16
60
-30
-17
-57
-18
-11
-25
61
38
-82
-41
-76
-3
-10
16
53
-29
-31
-37
24
-44
10
-31
-50
13
-52
22
-3
-63
13
78
39
7
-28
32
-4
-21
39
5
76
26
85
9
-64
15
-11
26
-23
16
11
14
-6
-40
63
-10
-29
11
22
0
23
7
-84
35
32
60
-36
-35
-29
59
-39
-54
28
82
46
-12
28
-72
-56
43
60
32
24
-15
-4
31
20
-67
-1
56
25
-56
-6
-36
-7
-30
-35
-31
-32
25
15
21
36
-76
8
17
-61
29
43
5
-27
8
19
52
66
39
25
43
-28
40
-6
62
-44
-58
33
12
34
-68
-17
-63
-18
-67
9
-17
23
11
30
26
-14
-73
38
57
7
-49
-9
29
-47
-18
42
77
65
-57
-93
-14
-1
-52
41
57
8
-2
-19
9
5
-50
-19
-16
29
51
-44
77
-37
-56
-48
-35
19
39
20
3
15
-68
-16
12
22
-25
24
-70
43
8
23
-40
11
67
73
25
-16
54
48
50
30
12
82
-87
-25
-7
-54
-29
-34
-37
-53
-21
27
36
31
24
76
-24
-20
-15
69
58
46
-55
-80
-28
-16
-27
0
-83
-30
41
-10
-1
-2
-38
37
2
-30
46
5
26
-52
3
14
-49
-22
-26
36
92
43
18
66
-4
22
-51
9
15
-14
5
33
82
-36
-37
18
89
89
-41
-38
-25
55
-24
-3
14
48
42
32
66
19
22
-60
-16
50
81
-51
11
25
-18
42
-66
56
22
-18
-8
-17
-14
63
12
-23
3
-25
8
50
14
-68
26
-58
-16
-10
70
-47
-36
-37
26
5
-20
-12
-84
-95
10
-21
31
-63
33
-46
-6
16
69
83
29
-15
-2
-54
90
-23
-48
52
-1
-28
22
-9
-33
62
48
-22
29
-17
-59
-32
0
-24
-23
-50
38
-10
34
-66
-5
57
71
7
-29
32
4
25
-6
13
-8
13
60
-10
4
35
-27
5
66
-90
-31
9
28
27
-6
64
5
-85
-50
-31
-37
-69
40
13
-4
8
-42
-30
57
-88
2
-14
72
13
-13
-17
47
25
-14
48
14
7
28
-39
-36
-62
64
-31
9
-84
21
0
15
-18
-26
-11
43
-21
-26
58
27
13
-7
-49
-76
42
80
33
11
5
-32
42
-1
-23
-5
68
-12
-67
20
-19
-40
11
30
66
-68
91
-31
81
-5
17
-2
-13
23
20
3
20
-23
1
17
-18
-59
-87
-15
-46
75
-16
-15
-14
11
-18
-48
-53
-26
-58
7
-86
8
-15
47
-80
38
14
-52
60
44
3
-7
33
54
44
4
1
-48
-17
17
-6
-54
-4
92
11
-1
14
-23
-42
0
-25
-65
10
-71
-42
0
-39
-13
45
-6
42
-24
-55
20
44
-17
-48
-13
82
-12
-9
10
-19
-11
3
84
-22
22
1
-49
28
-20
0
-2
11
44
97
-2
-57
19
-18
22
-62
-49
27
-43
-13
43
-35
89
-40
-91
-15
-46
47
63
-18
74
58
-10
-67
31
-19
23
-8
21
15
12
-43
-66
21
-14
31
-59
18
24
-73
-17
-48
1
80
-69
32
-26
-71
-80
-73
90
-49
6
31
-62
34
-3
-38
31
-3
44
98
-19
7
-23
13
-8
82
33
-63
77
17
-31
8
-2
-30
-22
0
-44
-83
56
2
-32
-73
14
15
-47
6
4
11
68
11
-26
-52
-57
43
-3
83
-6
64
56
-54
-47
-54
2
10
28
23
-10
22
5
-31
39
61
54
-7
-41
-9
-25
21
26
27
-12
44
74
4
-58
-26
-33
11
-24
26
-3
29
-18
-37
49
15
-29
-15
-26
-27
34
-31
-14
30
24
13
-53
-47
-20
-26
22
-31
-1
-78
57
-11
-23
34
60
23
16
22
-26
18
52
53
24
57
40
22
-21
-4
-47
36
-38
-9
83
-31
71
11
-87
62
-9
-14
39
37
-60
-21
71
6
38
52
30
-88
-35
-30
11
23
13
-6
-56
-24
93
-25
62
50
0
-22
22
50
-6
29
66
-61
-32
-21
-22
-4
9
-38
-87
-25
-9
-38
-8
89
-74
-4
-30
32
-32
-59
-2
-35
-37
16
29
2
-43
9
-75
-37
-9
50
-24
-22
-67
25
22
-24
-1
-24
-24
32
-25
-27
-15
-3
11
88
-20
28
22
39
75
-15
-26
11
-42
-16
64
44
-63
18
64
-10
11
17
25
-24
-75
-41
-60
-56
-12
-63
-42
2
71
33
41
29
-38
77
63
-19
-23
4
-78
33
14
-22
-80
-6
86
-73
-38
-40
4
78
26
10
26
-89
-53
-11
-20
13
19
14
66
11
-77
-28
-38
68
-64
-25
-42
8
-54
0
30
-8
-6
15
-18
-7
42
5
82
-33
-57
93
71
-41
54
-49
14
-35
-28
-59
-15
30
-32
-55
50
-1
-32
70
-6
-65
6
16
-7
-65
-12
-51
-26
-33
-62
27
15
-42
-26
8
2
-59
14
1
-8
-5
59
9
63
22
-6
58
45
-49
-8
5
56
62
7
-19
3
1
20
-34
4
-29
-3
10
20
6
75
-4
-17
-9
-43
-1
93
-45
-23
38
23
11
68
-57
-26
-50
-13
36
42
21
-4
20
12
-21
11
93
6
-1
-58
83
24
-42
-73
9
14
-68
-22
-14
75
41
-39
49
15
-22
-66
31
35
17
-68
-7
11
-9
0
-25
-4
-56
20
51
2
-2
11
12
22
29
11
31
2
-6
-27
35
57
19
-63
42
3
4
-44
-5
-36
-84
35
25
-9
23
18
42
-72
17
49
-16
-40
-80
-34
52
65
22
87
-23
-2
-21
51
-55
17
-42
-37
-18
-64
19
-34
31
-1
-67
-7
18
19
-46
-20
33
3
10
58
-22
-55
-10
-28
62
3
-47
-41
0
42
32
-34
-22
-39
-9
-64
-12
29
77
13
-32
59
-69
-33
15
-1
-71
-74
67
-9
10
-30
-42
5
-70
25
30
-23
19
62
48
-56
-29
25
66
-76
38
58
1
-39
-1
-50
-4
-66
-42
-85
-20
-5
-16
-23
46
86
-61
-44
8
-8
76
-35
28
-58
47
63
-65
85
5
17
19
9
90
35
77
-17
-67
-28
45
-52
33
76
84
61
46
-6
-51
3
4
23
-6
41
69
33
-21
-3
42
-75
91
-24
15
-13
-69
-68
-25
-6
-7
13
9
-55
-33
86
6
-25
29
2
81
5
-69
-2
-80
33
-68
63
-53
19
78
22
10
-12
8
0
-16
-47
24
-60
-34
3
0
6
-24
-35
28
-73
40
-6
65
-53
48
48
-41
-67
-82
-17
-24
56
12
50
-13
-33
-20
-1
-31
15
11
9
14
-31
56
-66
-8
-36
51
-20
-53
-60
-39
25
-63
-13
26
72
33
-27
56
12
-28
42
-75
3
-8
-23
-71
-29
-65
-61
29
54
15
-18
20
58
31
-54
46
-29
19
-25
-5
-12
51
-17
12
-6
-39
3
-18
-69
39
-94
-82
-24
42
57
2
-58
-51
24
8
-22
-29
-7
26
54
33
-12
40
-80
22
-83
38
2
-41
-34
12
-8
-33
-49
40
45
38
-6
-43
23
-7
-69
-52
75
-26
48
-13
16
18
15
-31
19
5
-58
-43
-3
9
27
-14
-81
-35
37
-16
-11
17
-86
47
-16
-57
2
-26
-10
20
83
3
-53
-37
9
-37
-12
-71
-86
7
60
-28
-21
-73
-17
-9
-61
66
31
-65
-23
-34
-20
-51
-77
4
9
51
51
-56
-49
5
25
36
-56
32
-4
-21
-43
25
22
40
-41
-4
-63
8
18
-21
-71
-10
8
16
30
75
-17
-16
-5
-28
45
1
-18
32
5
56
3
22
-32
74
-23
9
-14
76
-17
74
57
-30
58
-72
19
77
-1
6
-9
-3
-14
-62
-33
-77
0
-16
-49
35
-27
70
-68
42
49
51
9
-86
-62
76
-84
5
-15
44
-14
73
4
37
-44
87
-43
-52
-45
-79
14
43
17
-25
-8
-18
7
10
-65
-60
-17
25
-25
23
-14
-19
30
-78
16
2

