579 -54
72
38
-37
-6
20
-44
49
-26
-20
22
62
-1
7
56
22
12
-85
-36
6
66
-51
72
80
-81
19
-42
-55
-82
-30
-13
-33
-2
17
-6
-64
-16
34
35
-42
-83
-41
39
0
-32
4
78
43
25
-41
32
-14
-61
12
15
0
32
-35
21
-84
57
-20
38
-43
-3
-12
-51
-21
12
25
-76
48
-30
22
26
17
-62
31
-27
-18
-72
-27
-20
0
-18
80
10
14
-59
-65
15
-43
7
-73
1
2
0
29
-35
5
-56
56
47
-76
-25
-47
-81
23
43
-39
-5
40
-70
23
3
-55
64
21
-39
1
-4
-59
-67
1
30
-40
-1
76
-5
-37
-16
40
-71
-51
12
43
-1
-19
41
47
10
52
-8
-35
-30
34
-50
51
55
35
-23
41
-6
-13
1
-44
50
30
-45
65
-59
-49
48
86
15
91
-26
7
-66
-27
-62
-19
-77
47
38
-6
-16
21
34
-26
8
25
-26
45
20
-19
8
-32
-20
16
-23
-38
13
-22
-30
76
-14
-19
-9
29
-78
-57
-70
-4
-1
38
-15
-25
-39
-5
-18
81
-3
91
-39
9
-49
76
-22
-50
4
-9
-29
8
-42
-46
10
-16
9
73
-74
-67
5
-35
5
18
-32
-55
7
9
-42
-1
-56
75
-58
-56
-4
-81
-69
-27
8
35
-22
11
61
4
-3
-61
-73
2
-23
35
-77
-36
77
-3
-9
34
54
16
74
-13
-9
-45
17
56
-17
-21
-4
22
15
58
15
15
-23
8
-5
47
-35
-33
17
-48
48
45
30
34
-23
4
-36
-15
-39
-28
-6
-62
33
60
-13
-20
-24
-5
4
11
25
46
32
68
-5
62
37
-39
-15
-3
0
28
-90
-73
-32
-29
-28
7
11
-22
47
-29
-68
79
-16
-14
-57
55
-80
21
-3
-10
-11
-14
76
31
-39
-31
-6
15
9
-46
-7
8
32
-38
-93
-15
41
55
7
13
-18
-82
-52
7
22
11
10
37
-47
28
-33
-67
-42
-62
-19
18
-18
-21
-66
-28
-9
0
-14
8
-6
0
38
-55
17
46
-43
1
45
-22
11
-18
60
-56
-68
20
59
68
36
-81
54
67
12
88
-8
-11
0
-41
23
37
33
-43
34
-15
-73
-21
56
-37
14
24
4
-41
-28
14
69
10
17
-2
61
61
48
10
-8
-65
-27
-7
-27
-11
-69
-13
30
83
-71
-31
-54
-36
-23
55
-1
4
45
41
31
34
52
-39
-41
40
-75
45
16
-44
36
22
-31
-78
24
-47
-83
42
-11
-50
-13
-5
6
18
40
22
-41
-31
-7
-77
58
-2
-25
54
-35
-22
11
-33
78
52
4
21
-16
2
-32
11
-30
0
54
-91
38
-28
97
34
-23
-64
-53
-26
57
-31
-25
42
-25
28
-6
58
-2
-28
-1
-15
21
25
-4
-45
-39
-11
-53
-22
9
30
83
56
59
-39
-71
-46
-36
-36
-28
-13
-62
-35
43
19
-33
40
-30
-41
-39
-46
10
-42
-2
-44
-9
50
-46
46
-8
33
13
-16
83
68
70
33
-44
-64
8
-6

