1675 -19
-52
22
-5
35
-84
47
-27
10
-12
23
29
12
-62
-37
-46
-39
6
-50
94
6
47
-8
-43
26
60
53
3
39
-5
-43
-42
-2
-39
-59
48
-6
-42
-2
-36
51
-10
-21
28
-15
15
10
-1
-4
-42
-8
-35
-41
31
-46
1
9
-1
-4
-14
-53
-3
-52
-6
-13
1
-16
-29
-66
-10
-10
-6
16
17
53
-5
-11
14
-17
10
21
3
76
3
-7
90
-56
42
63
27
-27
45
-7
-30
-27
-28
18
-18
42
25
19
52
35
3
51
7
24
28
59
-23
24
-37
-60
65
7
-36
-54
-5
1
20
29
-17
-48
32
76
72
30
-22
55
-43
-13
2
-25
-65
1
9
-35
-5
-13
29
26
28
-47
-64
-55
-48
-2
10
14
1
70
-22
-21
-42
-83
-12
5
-59
-45
25
-54
-30
24
-15
23
-71
-1
26
23
-26
-11
-53
59
-48
75
-21
-64
-46
-56
-40
14
-13
20
37
80
30
59
14
40
-14
15
14
-42
33
44
-7
23
62
-74
-57
33
3
-12
69
5
-20
-25
73
-7
-17
-4
-6
30
16
-34
-1
-30
43
-66
-64
-5
20
-50
-20
39
-9
65
64
-20
47
-17
-13
32
0
-87
44
-23
-14
44
-25
32
2
11
34
25
22
29
-61
-40
-84
-52
-15
84
58
15
-39
48
-38
9
10
-79
-40
13
-15
-59
-69
16
-3
56
-43
-40
-1
21
-17
-70
-83
-53
-65
-34
28
-17
77
-5
-39
-40
44
9
26
-29
-21
36
-6
28
24
35
-60
5
-90
-47
-23
80
8
-13
4
58
51
-37
17
-46
36
55
2
0
-37
-18
9
-7
-45
3
-78
13
-73
39
1
12
-50
-57
-48
52
-41
14
-25
-20
-11
56
-36
-71
-7
-30
-29
-39
-74
-71
-8
35
46
30
5
4
-19
32
11
-78
66
-74
33
-64
-44
-3
-35
17
11
45
-27
11
-88
6
-3
35
15
18
-51
33
-15
74
-44
-63
50
18
9
12
21
-16
-30
73
-55
-26
-35
-50
-17
-14
-20
-5
-42
-15
5
-5
57
-8
0
17
0
11
-61
13
-54
7
-8
-7
19
-32
-24
-83
2
-26
-6
-13
-21
1
-16
-77
42
-5
28
34
-21
93
75
-46
-2
-70
-19
-55
77
-66
-33
-61
12
-44
-5
-26
-33
86
42
-15
59
-32
9
-28
46
-32
38
-45
-38
5
-3
3
-36
-36
-22
-39
25
-29
-10
-30
33
46
66
-13
-23
38
-22
-55
-14
60
49
-17
29
5
-27
43
30
2
-74
66
37
-8
13
-7
-1
57
15
29
50
65
-60
49
-30
-31
15
57
-39
45
54
43
-88
62
-7
-32
72
19
-21
24
-65
-75
-56
61
-58
15
74
42
-1
39
76
10
-98
-58
56
12
-80
-32
-41
5
4
79
73
-16
-94
-22
-13
15
-7
-15
-8
4
-93
1
-8
14
-53
48
-17
-41
36
64
-38
0
-77
-22
-20
-56
28
-7
-23
14
-74
43
-9
33
-19
24
85
-1
-64
-62
-50
-65
2
-29
71
-62
4
-48
8
-12
10
-9
-53
8
35
5
0
-18
20
-39
-3
-29
-7
14
-38
-31
50
3
-36
-12
-14
69
21
71
10
29
46
-68
-56
-13
3
-21
-30
-18
43
71
3
-36
15
28
45
-18
-11
33
-46
-60
33
46
10
-58
-4
-31
31
-13
18
-5
56
57
55
38
29
39
-28
6
27
52
-24
5
14
50
8
-36
-53
58
-26
-19
-60
-7
-58
-71
-27
72
22
-7
16
-5
-23
20
15
26
-50
-53
-44
2
-65
-11
-24
-35
-67
62
-29
14
-10
-4
-40
-14
-4
-67
-21
-88
-21
3
-41
-45
10
-38
-9
-20
76
51
20
-39
-10
-55
2
59
-33
19
7
-14
-53
-64
14
-18
43
15
-47
41
-70
41
51
-6
-65
-25
26
-16
17
-59
68
21
36
-52
66
30
-48
12
-15
5
41
38
41
9
69
39
26
54
-85
64
58
-17
-5
91
-7
-31
-15
37
15
53
17
-7
-76
-18
-42
-55
-23
0
-27
-14
-69
-47
7
10
-15
-10
-20
0
-21
14
-8
18
-90
-56
22
2
-38
21
-62
-28
7
57
-53
27
-51
-2
-8
23
19
-15
30
-2
-25
38
6
-9
-36
7
-12
-36
-74
-41
59
68
-9
51
-4
66
-6
-18
34
-33
-48
-26
-24
16
0
-22
77
4
-57
29
-81
36
50
-28
-38
54
-51
-28
-30
23
60
-25
-66
-24
20
48
-20
-13
2
-26
61
-61
-55
-23
26
-88
-19
-7
0
-34
25
-1
10
7
-71
59
33
41
-56
54
-69
-40
-51
35
8
28
-6
2
13
25
61
-64
-8
54
63
-35
-22
26
29
-17
9
-83
26
0
19
64
3
60
-40
34
-22
-23
-46
52
-10
3
5
-58
-39
-95
28
-9
-14
80
-18
-10
78
-23
17
-25
16
30
-2
22
-38
-19
-53
58
-78
20
54
-40
-6
9
-19
-58
-5
-8
27
-14
38
31
-24
17
48
40
17
5
-5
-56
28
-11
6
31
49
8
-19
79
-43
-6
-21
4
-30
21
-42
88
-24
23
11
-27
-87
-16
-16
69
-10
-60
64
-84
11
3
20
78
45
-3
5
-32
-12
-20
-57
-54
-88
54
24
52
25
47
-54
-55
6
-66
6
-49
75
-36
-33
50
56
-32
-63
-35
-8
-30
78
39
67
-18
-29
51
-60
21
23
-31
-17
60
11
-38
-62
-78
-30
55
-32
-20
-9
-42
5
24
-33
-12
44
-6
-65
-76
-7
-5
-28
4
14
17
54
-57
8
25
28
-45
40
-15
-67
-19
-3
-12
-31
11
-36
-10
30
58
-61
41
35
-3
-43
65
20
4
-2
-57
42
38
-78
55
-42
-63
-56
59
11
-6
81
-36
-14
49
56
-54
-26
31
47
-47
-46
78
-4
-20
-13
-1
76
42
3
18
19
-43
-57
91
-35
-19
-10
10
27
15
-38
24
-13
-4
-59
50
20
-9
61
7
-6
10
15
33
5
-59
-4
-7
28
33
-18
-70
-23
43
52
-39
2
17
-50
-68
-31
-15
35
95
72
1
-24
20
-32
63
35
-45
-22
53
53
-18
-66
15
48
-75
44
60
8
-12
62
-25
-11
-42
13
-23
2
-9
-50
-51
-18
-25
17
-37
6
-22
16
-37
-18
2
11
38
-52
37
0
43
43
17
-1
14
25
-22
47
0
6
-7
-31
17
-8
-13
44
-21
65
-18
-34
-23
10
-62
49
-50
-93
-23
14
-14
-30
-46
8
74
79
-22
57
-18
33
-10
-69
43
-18
-21
-11
-37
-23
19
75
-16
2
34
-32
11
51
22
10
-51
2
70
13
79
26
4
14
-2
-19
-24
-26
-59
-47
21
-14
-10
80
-48
35
26
-30
15
-12
18
0
-31
66
8
7
-39
-13
23
17
-12
79
-44
-2
-24
-27
47
-27
-51
23
77
-8
62
-10
55
56
-68
-30
16
-32
15
-21
-27
-25
-39
9
59
-34
-17
-78
-44
73
-5
-14
-59
3
-64
68
-44
14
-25
-7
15
43
-6
4
-43
2
47
88
13
-46
-54
13
72
-53
38
-49
16
-46
6
-39
77
-12
44
64
31
-58
-1
-31
74
-71
-52
37
-8
55
-57
-11
53
-24
45
49
7
33
-29
38
39
0
5
-66
-26
74
-10
36
97
-7
-54
-42
24
2
-15
-6
13
-41
13
-24
63
23
-1
-97
38
-19
-49
16
-13
21
-10
25
75
1
51
-70
-18
-5
-62
5
-2
-8
-22
3
56
-19
-22
-4
85
-39
-8
-26
-38
67
14
-44
28
5
-11
49
19
-9
-46
35
-17
-43
28
-35
-31
19
40
9
-36
-21
61
-59
38
-4
73
-10
-39
-34
14
-36
70
-76
-60
44
5
-1
48
-11
-22
13
15
-16
17
56
-55
-52
2
-34
-16
-46
-15
40
-48
39
-34
40
35
-10
-2
40
17
-31
-28
-82
-50
-25
14
5
-84
14
-11
-23
-15
-19
26
-40
22
44
38
93
24
-53
10
-18
-32
34
-32
-29
-9
-39
8
11
-39
19
30
8
28
57
-7
61
40
73
13
13
-28
-18
-53
-32
28
-60
-27
-20
-63
-7
40
-28
11
-40
34
-42
-52
-59
18
-43
-54
-80
32
29
-6
-73
21
32
14
55
-12
-24
10
55
4
-2
27
16
80
82
-71
-72
47
51
-58
8
-24
20
29
-68
83
7
-34
-53
-35
93
-13
14
39
31
9
17
-55
-83
3
89
9
1
1
41
10
34
35
-23
-13
-41
-9
21
-7
-93
87
63
1
7
-12
-25
-57
16
-17
-59
83
-3
61
33
13
27
79
-63
-85
80
-6
12
-34
-2
5
17
38
8
-27
-39
29
-53
9
-46
-48
-52
3
-37
-57
42
27
10
66
71
48
-6
31
-57
35
-18
-52
-9
-62
-42
-42
55
11
57
-1
38
-84
42

