907 -34
-89
-39
-20
-15
-78
-20
-18
-15
-11
-24
76
83
-31
21
-17
-94
-27
24
-65
6
13
-4
-34
67
57
37
37
17
56
5
-11
-1
44
46
16
-60
86
18
-26
-83
-37
57
49
51
-10
-2
38
-66
23
-9
-43
-22
72
37
-29
81
-24
-23
-13
-41
54
-27
7
-45
24
8
-49
81
-3
-5
76
71
57
17
28
38
-93
4
20
-52
17
5
-1
85
8
5
-12
-17
46
17
13
0
-5
10
27
66
39
1
24
52
69
-11
6
47
29
-66
48
93
35
-18
-18
31
18
58
-38
-59
77
32
-7
17
70
-14
65
10
-81
-54
-9
-37
69
-53
24
-31
-1
-5
-71
-42
8
3
63
7
3
-89
-71
85
-12
54
-75
39
-31
-55
-76
57
37
-27
-11
-22
24
-51
19
-47
-31
68
23
51
37
18
-40
-12
-31
-7
6
-97
-56
32
-66
33
-3
-5
-67
-11
-51
-40
-7
-33
-22
46
-24
10
-27
36
43
-55
31
9
-91
21
47
30
-30
19
5
41
-61
18
-65
-79
-55
9
32
17
-42
2
-5
-5
38
59
-75
11
-73
-79
26
-18
-7
-63
-51
28
7
-6
-21
-63
-63
12
17
-24
59
72
-77
45
61
90
26
24
19
-13
-45
88
28
-29
-18
-65
-45
14
20
-70
-54
-17
-40
15
44
-28
81
78
-10
-75
22
-44
36
-13
63
82
7
82
53
-8
-38
-6
-32
32
17
-25
18
51
41
-75
10
57
-52
2
54
9
-32
-19
-50
37
-62
46
-38
43
12
-28
-32
21
6
32
-27
-6
12
10
-79
66
35
-38
-14
63
11
-37
-44
3
-82
20
-12
-29
-7
22
-53
-6
31
-60
-29
27
-19
26
-48
-27
-28
-28
26
-62
52
-67
2
83
13
39
17
-19
95
62
-69
78
-52
-23
-5
14
17
-52
71
-38
15
-7
-17
-90
11
-34
-49
-29
-70
-42
-20
70
18
-93
-34
-72
18
13
-28
53
59
66
6
-14
0
3
53
-42
50
-10
35
25
-40
-6
71
48
69
60
-7
26
-51
32
-5
46
72
-33
-9
41
34
19
-20
-73
8
6
-39
3
-72
-43
-36
-12
-14
35
-69
15
59
-11
-1
71
-32
23
-12
74
70
-22
6
-31
79
9
-1
-40
88
-9
-9
47
-34
34
27
-20
7
25
6
-16
-77
-50
70
-5
-93
70
53
44
-48
-48
-19
-7
-25
-20
-78
3
72
-46
-9
58
33
-41
-9
2
-55
-35
-34
76
-19
34
85
11
18
18
30
27
41
17
35
54
-52
-7
20
28
-3
-5
-2
-47
0
8
-20
58
-44
46
14
7
35
-11
-86
-46
15
8
-36
-29
0
-88
9
-1
-56
-68
8
-35
61
5
56
-20
31
-64
34
-5
-65
45
49
-34
-3
26
-68
25
-8
-92
-22
68
-54
4
24
47
31
-58
30
-15
-55
-24
21
67
40
10
16
-30
-31
43
33
8
28
-41
49
16
-26
-23
-14
17
-24
25
42
-14
-24
42
63
16
-7
2
-26
26
43
-14
-4
-70
53
41
-73
-33
-25
-54
14
-28
-9
-57
-19
-35
45
21
-54
11
11
-50
44
23
-1
-32
4
3
15
41
10
5
7
-54
-41
47
-6
-23
-52
-37
26
51
-37
47
10
-12
-40
-33
-39
11
-44
-48
-2
22
20
-46
-27
-17
-49
25
-36
-15
-78
19
35
11
-4
-8
62
-12
-14
-37
-30
-30
3
82
-17
-22
86
37
2
-33
-10
-78
15
46
28
-25
41
-9
9
60
-59
11
-47
11
-17
23
-70
1
23
66
10
24
62
51
-29
-1
-11
-34
-7
15
14
-7
85
4
4
-56
-45
-30
-83
8
-40
-55
37
-45
69
70
31
-30
-20
14
-37
-70
40
-43
-40
27
3
12
61
-18
49
7
-7
34
-2
10
23
-37
-5
0
23
10
-38
-9
-37
32
-58
-17
20
82
11
-13
45
44
-70
72
-12
67
7
-34
-39
-31
-16
-11
57
-31
-27
-10
-46
22
59
27
3
4
50
20
-57
-22
10
-13
9
69
18
-23
-21
-6
-58
-22
-1
28
-7
-64
-29
-5
-69
-30
68
81
-29
42
29
1
-66
-43
-12
-25
5
62
-5
0
6
60
13
-14
38
-55
15
86
-39
-45
17
78
9
-26
46
3
-8
-7
-65
11
-79
29
71
-59
-60
-36
-11
-2
29
-14
-7
38
38
87
65
64
-52
-45
19
4
-31
37
-52
57
-58
-41
-13
-22
-2
50
-2
-33
36
1
11
-8
-56
-39
-11
39
15
64
-79
-11
-17
-12
-21
-75
20
27
10
-76
18
72
-27
-20
-53
65
54
-1
8
-57
76
8
-59
-24
-2
-15
66
-12
-79
30
-6
-8
80
10
43
33
35
22
41
-27
19

