551 39
-30
30
33
-24
-28
8
-30
-31
9
74
-19
-54
24
40
-50
-3
33
33
91
9
-26
-28
-38
-1
23
-42
-16
39
32
26
-49
-67
19
0
-17
5
-57
-68
23
71
-13
-49
35
-20
-74
-10
23
-35
-3
21
-7
1
-11
-53
-15
-31
14
21
52
56
20
-48
-34
61
13
18
38
-23
23
-11
-6
-46
15
44
61
16
-4
22
-19
-36
27
27
-48
33
12
18
-42
-28
0
13
-35
64
22
37
13
-30
0
-37
-25
-22
59
68
-30
-41
17
-14
2
53
-32
3
64
13
-38
25
-52
-17
-18
-27
24
17
27
66
-72
41
-21
4
-12
31
-25
47
39
73
75
-48
-16
0
25
-24
-62
-50
25
-6
53
54
-12
59
19
-10
-23
57
-27
-71
36
34
54
32
22
20
-10
41
2
42
9
50
-26
79
-49
-71
9
-19
42
-28
29
-40
76
-78
3
19
81
68
24
36
25
37
1
7
0
9
34
-47
-80
-50
-11
-56
-36
-6
11
-13
4
58
21
1
-2
29
7
-79
-50
-26
-1
17
-8
2
35
94
59
-22
-5
-10
55
49
5
-9
-22
13
9
16
40
36
79
-8
-49
-63
13
-47
-64
-24
-15
26
-36
59
25
87
-1
-29
-34
-24
52
32
-50
90
-35
13
11
-69
-67
89
-38
-55
16
14
-22
-83
36
57
1
-31
-54
0
32
-12
-14
-5
-43
34
-66
-21
-27
-14
-62
32
-13
-58
41
-55
7
61
-27
-13
9
26
23
-48
55
-14
-77
-26
59
45
51
-24
39
-6
57
43
37
-70
-24
-73
68
2
12
10
-71
35
19
-6
-25
-6
74
63
-38
-54
52
-57
-46
-5
-55
-8
-5
-8
21
-21
10
24
-18
4
19
75
-8
20
-13
-35
84
-78
-21
-46
-4
0
37
52
44
-26
81
62
39
25
-8
30
5
-75
-2
-2
8
-36
30
3
-25
42
30
5
62
-3
53
36
-44
-3
-53
10
12
12
-5
27
-1
-28
-47
0
-82
12
-61
-27
-74
-14
92
13
48
15
-64
-13
-51
-13
1
-41
-57
-7
22
-56
-14
-48
12
-38
-13
-41
-37
42
13
26
-16
-12
-2
-46
81
-86
-47
-19
-1
-7
-32
3
-49
-39
-62
28
-33
1
14
-62
-72
7
84
79
53
74
19
79
-5
-41
18
67
-44
-43
-62
6
27
-49
42
-14
-54
-64
21
75
66
25
51
-17
3
10
-39
-31
-15
39
-32
-12
72
54
38
37
7
9
27
7
35
-11
-31
26
14
23
17
16
37
-25
72
-34
8
-11
-14
21
74
16
56
0
-8
-32
-12
17
-10
-15
-9
-63
49
-29
-6
-17
37
-33
81
2
38
-78
-50
-80
10
-36
-62
-3
16
27
16
84
-27
5
-41
29
56
14
1
-15
29
-39
-25
-10
2
16
-24
-3
3
-11
-15
74
-60
-26
-57

