538 193
0
58628723524190309
306807516379445417
507569850969066032
1585659227657341
469466606978628691
378806348748239479
382826659136689122
112666007778952639
9692833411283081
33802739405014616
93650379280639830
439513185305609519
151083834737107227
108133616180218162
176553726106238305
23931953259136315
140068988824962265
223120264025236538
20471975542378120
237236681667437348
117346018720645576
11586626448967670
179514458167584
7537981576489791
4508139862467803
83358227476553517
54214834527948848
2732242695537725
291171037249767538
324803896333873224
263257913286080932
36137416616618322
18358329342094420
348381960505589694
11857154366010526
123261682486697495
114346275436001038
299843720178411
162351957770653156
234373826050078029
72270678249916868
4366116609978439
108409907541330637
541369887249892346
46428928933223338
469108144974058338
77925157243316645
9062531811694702
105140652116074555
75262226684737285
324436967652598231
127594575941386753
288313639909134301
516924154246599040
52140955365578301
2336359934339519
451052261064193659
183842402017356666
2725913946196635
37330700831014120
144247793153779137
433459776505271457
380726870072739361
185354864409452681
87562113254992
372298293068110
301907681934101233
490155127020739197
162487474050058362
506475825660776648
406349026046368725
20654487788906989
153291049875804845
20279552038666077
162301196673013330
288974191790394998
27292822969206735
407194401734658858
51993797220425690
9055161358781967
18570753554581727
47517247585460699
507550916963584341
7183772974795986
117704565453252272
36969077590172772
18383355347713143
183458946949257278
225646472950240449
527888120844752
433992544794663398
199838838731417056
360577230212078441
140531548205576475
456190779408028623
151397122213304191
67066001650236
81566502949840213
308771979519661026
273931243361215645
22649007545187145
75837825972484943
128417476589650930
119868980319002155
20370057914009590
326520699014681886
515003756933088723
367300301809378333
180669975562720502
159214028168718630
177205442418770853
327796805604823648
1092373956673851
45336371766658887
5368453812301281
1946061107007019
378519277319825163
333266688033290552
308879432981984722
90311690436881341
329514727465685639
144256172990677937
362393349752932796
161440802672629172
33094164767901488
19057503929426417
38618778485645041
290559552617345835
154950860419197141
481407605601662395
151713946609668274
523970586222202358
183525694439991138
234913092612960384
328397336079240712
48082847964206581
288543071533093402
315705137014311880
100772810042290596
317005363378309480
156294048291793156
545221119540689047
19895820851428914
271791836100571085
40611138872005200
369622231139277605
28880280385444476
38373303377738008
231496967821590924
369345480654850157
74774215069608744
234601036541903822
20362728080719252
144853643659731080
311833441064490300
9371972675497738
27225965153162620
509851632171622216
272349063238416755
290971558315570151
513165136156956725
34036036537879798
96314318511004252
531814891683341957
275428408079314650
254039820734671680
292282744138311962
9007933993641710
396936650171766434
2254558061167285
189504519279763585
23001065316320941
10090839396172630
9215364146959844
297554512321628081
277501571937814590
217730098891840601
432751217708735202
1146990011643678
72522723086548197
144424441411441604
306288209012580775
154543359969855443
19117298685582217
36685963402684445
7166086700553267
105162968200673150
360343253380654114
1747088507770770
148721919542552876
10087381620298672
94899068986312022
152038773377158713
6963796001811157
439421590012344167
10404243517438188
162352860906870356
292928377436891706
144129729688798480
217388784693611383
36090417114060295
18117173170859102
108181283602882913
73305789920796759
220401333406709354
1673200142159229
170037165593615340
108764352813127622
108729885663116122
525157705963057114
145780172632815634
334572680881784990
243255003599318622
30680206993774116
131206142286086889
75441948472331649
235888106055271326
303173075506276320
319468325231439396
275650915840563
5873996777731508
37436665710143055
361197008218141925
225262713757087323
144949881756730843
7940996678564076
346024636263508631
141119508678564466
31908842535083747
126398466432404843
189563218274988518
18248353835015454
364419300663726549
1017015528405855
149303783149995371
226510428883424649
20279804605069099
180458805689638665
227657914618514492
180189242046634502
234370944659504736
293956522166801549
40773374331182087
117236318273743938
324983121125510727
439807909190132389
420390580254935444
286461110052197714
153216820264929696
141937790345402317
306770121957718733
151891478164084744
297396328001792184
401163600997124794
118765339818028129
47696277842978952
87457068250974526
362896202981738882
527233050266188898
1512655665697788
464343716200129546
58714596697267932
328051691341081865
308166546536390646
2369635489905193
3876635289785565
9554200453731470
329868094930351469
288415997099911514
246701716054425139
856869583063419
45824765480971207
296709484753804943
442082755328742749
485363946837352191
234609230370601058
109276874235717651
153671442163571030
405620240387053336
518731268802023
6851348430016739
289194468793133344
79343202636601858
18967874334192294
163683237958561486
432390081084623392
73576428375934313
527757050383426785
148257211935456311
247512089898022192
507060016219849676
289281622468199577
396852189619814911
36444238055542510
382867591467364911
6507022416667569
362785771555975517
39101072111971071
171831963819879165
189576998116079555
108333015999029443
252074635871017
36472694319734969
384567885584539221
244518490165272832
297392581795342917
54279147290353651
51971659216140045
74126348786833630
306952949652894781
293165465036794192
444791341168079842
158657852413313135
90337813714856581
85989628300568788
468660033519018213
470315920525809968
18383069971731936
93978591111193094
289397581176667175
18898617317219373
518201196695012172
117272031211887470
76739631683512073
157679823302645756
290616615006071227
252209236600852264
298722812394185928
291367841443942787
303897936709605672
9122537258428700
176466180900608845
252419343294480675
531871336064938715
11930987179401212
253348814067052853
145554181817969695
45750169996054537
42464889599889190
13969963013124064
18576701825877056
19243394560745298
145314532247971116
38360074490899893
76721908778550281
36858676725673986
289831600246171187
222919890962644238
157575159387205044
364983411440624845
473201424079255362
73196207951398276
55485974405179139
72745909658312610
573784549955500256
183431875855048
2697329756822142
77867664063572441
360529846661244597
391982550708644444
37520942582345648
175487268792570616
10432667354655882
144254374883575332
72088503503654790
87522677976115073
60032674760309570
58808067190677819
291627378179034042
8731269148052667
306691554211307263
293611992746448944
72102449371698093
297874389733266682
196285211391966745
166827125297388510
227787680864103204
75959510259806038
14164900778773380
147835435216517290
18440878750942962
313208151767335773
271527839137018892
469544815622131971
335013186962242360
198292483730351493
475882421395848683
377498011084273927
41884170639805531
451971826591347274
183558779180104433
92666082600000576
372382528666815300
391268064116173153
36234756935112129
333346222638268677
24032353729239783
332096174208771938
441706337182899114
95951343570021355
193856488932980218
216463269117186631
93937881871446334
92682813556027411
150344722737479525
289702535934030142
147822250022837151
291166175100606472
128911349217143367
4866623823320433
9504147228842661
666244150474245
550560444725099804
2763548033703291
288837673840132749
292970823505918862
11775730087228099
2542604466159665
9017053270581484
73541235680339776
435653227414394683
17106371586301476
2457676048505505
18393120498711752
43315320766116644
181236899396747861
24045487527388641
207660299134706314
342325131282248964
18543558595117710
4220210170646806
8397847599062524
4751108728829975
792237580564900
291240637033456238
300051962964790135
434903640372260078
167908014691939059
127499767147153406
28005511544482200
108261263773526767
36477666228665984
16243040192537018
288608169927464477
147890903671661394
325444506070940912
288626476732705825
290185728594152614
215450709026901255
148689664715339493
108584163630678160
9106250311633458
437380705561794009
3599182179869977
468919242048945856
394548737275127454
2442538728782020
199220471261803796
7279244756758777
156205018954051510
2774564153695946
297693619652920244
1998524052513613
109548646391499243
289024726957962916
152525815374037031
72529531743356738
119271445172454466
862489479163905
5622421544279885
365606872745227993
216523259435257288
361846520222962675
153310463618952184
25619294091962085
475119466947240071
42695272828462705
327506855746083788
11345495683121614
5004420860535519
36648550506547851
28682377048682453
504697069835848452
60148058689215408
263487903918219177
37560674606224032
45777488480897149
483312439088996576
145557494186884160
55039588275830084
32058369414370113
157916871648250311
55353613595651333
26089159863562066
401642313643208574
46323762950648804
60967977017683527
1708284670911310
418099893659900686
36942093381569553
234511093482421788
432489116966003139
166960104974369626
518276554397266437
28155717551627488
28381098555978348
341702381630268788
460492346797218022
38793640029157650
381152168152981083
3001526198988485
397319358867172223
248548519758889
5380485574158086
27852627854106877
13554194583229213
2644495013978793
72226285954059746
4732030127909925
38600750833116769
1746583154644872
270773154433341520
54389120055173635
320728321794998340
433426733239452809
4689868723438590
144632597846522559
25212319218366213
295975694592248416
150526664407142879
4873051851406255
422922703475385
696250039969903
468420644922156364
283893926325106598
360628166879868186
3574846965446740
