5770
8 31 759706
12 33 675758
57 68 337894
68 71 913425
19 86 875843
22 83 335828
26 56 391198
3 57 996470
10 42 470506
17 97 527805
28 98 549855
38 71 130289
22 69 317752
13 67 555615
7 12 544690
37 84 795352
58 71 454930
46 79 513714
58 98 423389
22 90 505092
53 96 172447
18 100 755372
34 54 615
48 63 349003
16 76 554056
86 95 195269
59 77 357528
4 13 627011
62 84 160754
17 30 268915
16 52 834102
38 56 294405
22 79 436805
8 22 777774
72 100 472584
5 42 244967
31 46 249192
38 50 406445
18 76 874517
31 87 131648
45 97 491714
64 91 941605
45 93 760357
6 24 688166
30 58 430201
41 78 581904
40 100 886654
32 71 614834
45 82 563509
70 93 760483
5 10 16935
9 29 866298
68 70 936285
61 98 546517
58 75 434407
10 96 387221
23 31 641624
65 70 235550
13 100 475526
19 95 589338
80 83 933004
18 93 775413
25 85 6218
75 91 783072
46 88 473378
61 83 672336
5 11 453818
32 45 449598
41 86 126719
26 83 75366
82 87 427998
12 30 491786
22 77 352394
1 47 481519
9 39 690107
5 43 610461
42 44 996716
34 38 436194
2 82 543130
5 95 731213
66 70 419274
10 57 313909
4 37 258626
16 57 922097
17 88 617932
26 54 643999
28 57 868344
86 89 810592
59 68 941337
55 97 480153
86 89 40709
11 95 446513
5 18 168728
75 91 470935
24 71 898287
31 44 801275
65 98 57263
29 92 145746
31 48 230398
32 53 257621
15 52 988678
19 49 500481
30 97 590647
83 98 637782
83 94 588868
54 99 280730
70 77 391907
63 73 63189
4 7 624784
53 75 242261
84 97 486216
7 52 956713
44 51 382160
39 82 40808
15 43 998894
73 100 151273
18 44 608812
1 16 133259
57 95 445274
6 52 252460
62 65 273547
89 97 692148
47 61 396629
40 64 106378
11 77 992916
46 76 61147
6 71 457765
40 59 998616
32 59 186541
14 30 605814
63 90 282642
37 86 948462
10 72 854974
41 77 903805
5 49 816738
47 74 600419
28 42 908142
16 100 368742
17 20 934684
32 35 235726
27 82 779556
34 44 376489
36 85 156487
3 8 76294
17 31 537671
30 35 11580
85 95 250858
23 78 938531
68 89 622909
89 94 526039
29 87 790349
20 28 984058
61 83 334446
11 87 956912
1 13 563318
22 61 896227
6 66 910465
67 74 57791
90 100 472365
11 65 911477
18 30 364764
33 68 702266
31 100 163127
68 75 348039
4 81 690856
49 96 346265
1 18 773725
45 74 34929
63 65 958474
23 26 523667
47 61 137637
9 71 907464
16 30 867562
72 93 554078
21 54 750167
20 83 837924
14 28 389359
33 50 938801
11 72 397752
9 60 796957
13 65 446399
81 98 93572
20 50 569489
26 88 17096
30 45 452674
55 90 795790
46 64 779176
44 52 342845
31 34 763679
3 55 378308
9 59 19269
20 60 44628
10 70 379453
27 53 142112
24 56 5230
2 27 679842
38 89 798978
60 70 663383
27 91 312106
44 75 85376
22 27 318615
55 58 886945
27 35 633984
8 18 428931
35 58 911393
49 70 729396
24 58 661495
34 53 350339
48 51 652359
69 85 287687
41 52 178071
81 92 907608
19 90 343794
87 94 518290
61 66 916070
2 54 139159
35 50 156295
14 48 357132
61 76 937004
68 88 961945
23 54 42414
25 28 557611
26 32 352110
14 20 741811
3 76 428238
43 98 879719
26 61 337013
35 98 705470
37 63 998414
1 48 730102
57 74 540551
45 64 592783
23 63 669588
78 92 528975
49 55 517419
22 25 426559
29 84 357192
2 48 303531
12 69 441641
2 71 916195
41 49 7889
7 14 668286
56 85 766087
1 88 750804
3 56 810326
25 92 973121
29 52 68620
11 61 572392
4 44 748029
1 18 259115
26 43 636032
17 73 610869
13 73 322542
65 76 569138
19 65 475688
13 65 442260
62 80 483088
36 36 590670
42 50 681101
43 88 518682
25 49 922506
71 79 712629
46 65 271350
80 85 418592
58 61 241667
10 83 734815
25 73 203944
2 11 56892
19 21 242657
11 81 223938
16 21 861932
16 31 581380
59 95 74124
5 71 381974
16 68 448072
70 91 614097
26 75 229355
22 73 357778
13 40 168515
16 48 570361
31 71 563364
8 56 546283
33 51 165157
58 95 585427
44 46 472352
4 51 498331
8 13 394804
49 95 441845
67 97 912324
35 82 536727
17 38 565623
2 33 721208
16 93 245432
2 11 59734
73 99 363189
65 79 920114
1 92 998818
37 42 880784
53 100 552310
24 93 446330
26 38 508395
56 76 551483
21 25 619904
19 90 704550
27 66 346424
52 94 821519
36 55 526746
28 61 904079
68 98 130289
54 74 854659
62 94 67659
1 3 558539
6 67 518268
47 63 562189
8 56 600411
74 77 139249
28 99 559490
28 60 268132
30 74 308368
6 58 905304
2 49 477672
63 73 158464
5 11 268593
17 84 461527
51 97 640214
72 90 653336
26 77 21702
34 94 537989
1 80 745011
6 49 269602
24 75 245012
67 89 269176
35 92 955749
33 40 202261
67 99 930788
9 41 999561
24 31 314580
13 21 200809
10 11 717309
65 100 916622
34 91 33064
63 66 154517
7 12 141156
38 79 999582
20 86 754309
4 79 69967
33 74 163810
9 97 51728
22 73 356629
29 94 496783
28 32 146173
52 57 103867
7 70 547261
77 95 798283
69 77 439740
33 52 793590
14 98 330213
27 62 894523
31 41 406183
36 91 92632
51 53 725492
5 35 438933
1 73 390724
17 48 843128
68 75 268561
78 88 519888
50 98 959258
31 78 229549
29 100 208866
46 86 733797
65 88 200880
44 45 381903
21 58 39503
56 66 66760
74 79 288654
61 75 230259
78 92 41343
2 71 871026
13 66 634746
6 57 36657
69 92 503897
21 87 470554
68 87 358331
2 31 840224
37 93 302340
33 90 357110
17 95 728729
2 21 753687
68 74 634470
61 69 102334
8 79 406681
59 100 449645
37 59 599655
9 50 375912
5 71 777029
37 94 253689
7 55 917486
47 76 346732
54 81 695137
11 39 504530
90 92 935841
27 41 505857
17 78 256885
41 59 102672
38 68 235048
94 97 273884
31 58 829193
81 88 334664
53 86 482602
21 32 19319
32 53 776419
40 59 155090
5 87 224718
13 33 533127
19 60 867787
79 96 457989
55 84 772219
48 72 789379
69 82 915014
83 100 177337
52 82 16983
44 78 860899
25 100 60893
7 46 26371
18 65 999306
92 100 754781
41 58 60502
87 100 563003
3 48 770811
43 75 212201
22 75 318201
25 99 996088
49 92 524881
28 73 924990
53 77 2251
34 80 728658
20 39 550834
26 86 208402
35 61 984981
11 26 237086
1 69 927238
24 28 83868
8 10 712477
26 43 266868
31 87 280820
49 58 381972
9 14 131627
56 99 662956
68 75 598499
91 100 117617
1 58 648260
66 75 924507
16 68 166906
15 40 748841
78 98 90929
41 80 866074
73 77 873311
8 99 80371
54 67 997369
7 91 113470
67 82 478202
15 85 918983
7 29 939873
41 96 42335
61 77 464562
48 65 954972
19 50 239666
1 71 376661
5 72 991789
71 80 67752
5 51 462898
55 91 643189
74 98 840468
27 41 900194
80 80 602152
31 61 142104
8 33 491148
14 76 352643
27 92 354204
55 58 662035
77 99 745020
29 67 949247
6 80 971668
19 70 836223
37 51 702605
41 61 333839
12 89 985239
63 89 241137
15 70 274404
9 24 188202
3 73 849260
48 51 724098
17 17 463978
71 77 552518
66 72 402459
71 89 533447
46 46 952323
33 90 633435
31 62 159722
34 72 439513
26 36 409625
70 72 486559
20 22 516576
34 79 251854
19 84 735378
18 24 439050
3 70 771397
2 79 68284
18 53 191380
4 99 369234
10 24 686430
44 48 361852
15 33 571783
75 88 492591
44 96 440500
38 56 556644
2 64 232721
3 88 387223
8 72 30093
54 90 469514
41 56 78939
77 79 920578
33 61 854769
16 61 238599
35 77 93642
2 63 326758
60 78 565926
18 54 142321
13 72 356422
28 47 850619
42 69 226355
5 11 614814
61 97 590774
75 82 354999
79 96 312031
42 93 526951
13 83 526657
65 90 214802
8 31 912178
9 80 799010
21 37 894413
14 46 65218
2 44 697457
41 56 750821
72 79 824194
42 50 113215
48 66 686758
4 38 500425
55 95 521671
14 68 606400
20 49 521365
4 86 72292
83 93 32323
31 51 234491
12 41 824647
6 27 999245
54 91 292764
54 67 624935
38 69 675713
3 81 649691
91 93 35514
17 28 926844
80 91 444493
22 24 91748
26 45 265412
6 38 485232
1 36 23535
27 34 601793
57 79 663201
21 93 795259
7 92 898224
60 79 266696
17 39 15031
35 58 42260
30 47 577878
73 80 52496
27 31 80814
21 70 59185
82 97 756328
43 61 647984
65 91 571629
42 97 367881
21 35 373741
59 87 102271
3 49 647579
34 71 149908
16 55 416877
6 10 84692
36 91 599007
6 28 604937
39 92 455214
8 84 454022
1 91 366047
44 45 720862
8 84 462327
49 67 440811
4 18 978115
19 68 775691
15 38 711952
23 100 626012
5 64 214002
41 44 89542
8 18 492607
92 98 798639
17 26 929618
9 31 118214
12 33 329995
16 95 100795
20 44 828748
45 47 937795
23 72 580219
21 43 801879
36 57 928453
59 67 38580
30 88 544215
19 93 845658
35 56 308005
79 88 115599
37 44 78885
2 86 779867
11 73 14610
50 68 393228
6 15 787628
48 55 657074
23 41 496437
9 37 196513
9 67 786163
24 50 431860
16 39 138035
23 76 46726
9 81 430018
8 35 870905
70 78 796020
7 73 439921
45 73 192031
33 51 633304
28 97 174558
57 68 161370
8 84 162065
5 98 392488
25 98 589338
8 82 771703
19 56 316384
6 12 927424
15 83 419341
33 90 735296
3 17 455825
28 88 993207
49 58 840863
70 96 192491
61 94 114733
8 35 187940
72 95 497847
18 74 420784
70 94 967547
38 54 763743
23 66 311227
24 79 463941
15 80 323840
15 41 803389
30 92 151700
42 55 189794
9 30 310917
13 98 848150
77 85 897703
73 87 882877
32 73 1296
1 46 298753
71 81 440412
64 95 15246
28 33 441000
50 99 167381
8 73 197977
55 60 677708
67 87 341205
6 64 769898
22 64 49223
22 80 294893
48 98 90077
2 61 993621
48 80 759179
57 82 472936
21 69 874951
90 98 634862
48 91 792781
49 82 990517
23 71 361818
46 84 769293
6 53 645939
47 65 495114
44 67 893086
22 72 205063
5 74 152422
19 30 338271
18 39 336345
27 84 828980
1 24 564875
70 89 520107
39 62 85202
57 67 735660
11 71 521738
5 19 917092
6 94 888977
5 67 766532
80 94 335753
15 51 103425
48 59 117275
21 100 536340
26 90 742321
64 76 582970
65 84 700601
9 46 970740
12 49 696231
61 93 502662
1 19 300082
45 81 125497
10 56 712915
61 91 381723
13 93 718475
63 88 106236
34 42 818268
8 13 133808
33 43 498765
25 35 577554
27 47 629993
59 64 181373
56 97 154686
39 77 640723
17 97 978720
21 78 509561
36 100 295525
9 63 963991
13 100 188393
20 71 131162
68 93 372746
81 89 735667
16 63 548587
51 56 94616
11 15 570227
24 73 432448
13 88 436620
26 41 153449
59 71 50343
12 45 253204
9 10 527221
38 50 398661
53 54 39917
61 65 212549
45 69 809675
14 63 783714
67 72 65613
20 38 804012
67 68 115830
5 53 972215
72 96 81549
31 74 972190
70 93 160412
20 67 998589
81 95 109492
55 60 650228
86 95 917222
26 71 316392
75 77 314761
42 60 731651
6 89 905593
34 81 539570
35 80 833108
26 92 410212
9 34 145917
2 32 90575
33 82 525851
18 65 978093
8 54 799513
7 97 269497
47 79 530853
30 51 86260
35 81 362099
9 39 762724
80 93 33722
70 99 303826
24 25 23604
33 45 322954
3 88 939488
21 54 43741
15 93 704769
63 75 378656
4 58 274654
25 63 628843
23 84 320833
27 31 762013
5 91 955643
23 41 153365
2 40 531485
78 100 434617
39 59 767934
49 52 445233
78 89 403706
68 77 776810
79 89 847215
12 36 689941
29 48 61632
66 69 491048
12 62 691284
40 55 268378
45 89 900118
90 93 765161
11 23 58101
63 77 362774
20 70 946147
37 64 486437
41 87 28183
69 69 396064
51 54 310477
32 54 624531
35 45 465283
47 58 563855
52 66 460092
67 85 978217
73 73 147199
3 62 325497
76 92 777431
7 42 73438
6 64 415315
12 68 331191
62 96 415109
18 71 951082
16 47 910021
34 96 76831
14 31 799596
24 62 879236
12 70 903580
9 79 877576
16 36 847029
29 89 937442
59 95 328223
55 78 306761
63 82 16453
70 74 331067
53 81 168533
48 85 650489
50 61 293891
16 88 597767
3 87 237126
24 60 397103
44 96 997592
15 24 627773
43 89 399160
31 99 804994
75 100 628521
69 71 234771
42 94 510130
74 83 478281
64 66 946142
55 89 155008
13 34 588924
9 80 147675
47 84 231582
2 90 265404
22 47 816860
20 82 317071
65 99 557072
1 76 940542
5 6 344601
47 83 671804
73 74 789722
45 66 241980
58 88 224314
22 79 89849
31 42 919844
79 100 817838
23 60 391495
4 99 83997
50 75 770837
13 53 448650
20 89 400454
20 64 787263
7 62 509076
13 18 418120
50 92 58814
59 78 787126
33 41 432071
49 96 863518
7 65 577270
59 74 600281
49 50 185814
20 99 518467
77 96 885686
64 88 712767
17 25 833960
39 96 938544
5 49 599876
53 71 791039
33 77 883236
15 63 947801
1 92 965927
15 65 382256
4 50 499824
78 80 553080
21 50 593446
36 99 412265
37 45 904756
9 79 60865
32 34 577545
21 94 288385
61 84 713687
19 66 688750
17 90 843990
22 69 247567
48 51 695552
9 64 340532
58 63 62484
1 48 950891
55 72 504086
27 67 900810
17 25 297419
37 96 686762
9 89 25791
11 39 48296
28 72 906177
22 44 442596
32 60 41379
5 31 814084
3 5 729789
82 85 19952
1 28 661417
57 99 649046
5 42 812230
21 61 110822
9 39 334584
18 48 641876
32 53 924068
41 62 520539
1 86 959670
12 95 194742
43 65 586653
59 70 510375
35 60 303691
8 26 878899
33 85 153336
51 96 412705
32 64 724382
55 81 961472
20 44 671932
34 75 751905
15 47 374038
33 78 391127
26 36 29297
15 90 558204
39 65 930009
38 92 425773
37 41 388765
16 84 970442
7 40 470799
26 63 773945
79 82 461511
68 97 7395
47 100 179167
44 49 177523
3 42 557622
14 72 467484
1 43 591344
14 55 955986
12 42 502450
45 52 242061
17 96 661800
28 28 795468
64 90 947009
3 10 133198
39 56 609904
6 23 701592
75 81 864618
3 79 948660
22 68 291757
36 82 673710
2 34 230837
39 62 517528
31 48 392390
45 87 500485
91 92 439080
31 34 209871
30 33 636900
51 65 527251
76 87 88394
56 78 421362
23 89 844204
63 63 18384
7 20 541602
35 89 243158
17 45 76678
6 41 892018
61 61 552760
16 72 294548
1 44 627289
27 43 726960
13 37 752914
28 69 307009
10 38 378124
1 62 973059
61 99 784951
54 57 112630
30 36 346117
4 91 96159
18 45 750574
20 51 770312
41 94 887404
53 81 256701
24 97 171583
22 82 124112
21 80 911016
69 84 225620
34 77 322480
26 63 227235
20 87 85856
48 56 33818
35 58 89224
25 68 542106
45 67 279866
44 81 82375
28 63 31054
57 76 69514
53 91 125150
36 100 974865
4 80 382986
5 83 863308
19 39 996531
12 81 586736
16 38 631170
9 94 631478
74 85 726816
55 82 174938
1 46 837693
27 89 930142
44 66 453068
26 61 42823
15 77 538691
20 57 43613
8 57 781341
48 87 511853
5 40 724441
65 96 582153
22 80 7163
47 66 530372
2 48 448072
17 80 276408
2 64 266573
15 48 369858
54 63 630935
66 92 95619
30 75 764921
23 34 230239
35 95 837707
27 42 983232
26 77 385576
24 35 164626
44 53 400173
15 83 356166
34 53 768191
62 100 783377
81 100 457603
11 92 727211
92 95 518822
26 78 600083
26 50 683861
37 49 436424
5 20 249795
93 95 168016
9 50 412840
94 95 209203
8 22 34367
2 32 453374
29 46 699013
14 77 833475
49 56 911103
26 45 992021
19 83 652722
34 75 192783
22 54 529643
12 90 23692
51 77 725303
9 33 174317
14 66 675817
48 99 771545
42 44 530585
54 85 431734
14 83 73058
17 30 514035
47 53 60065
57 64 123712
30 49 212091
21 28 626386
17 41 630486
18 31 212450
21 24 338204
10 71 195949
28 92 963517
8 82 498227
40 77 264492
26 97 338682
22 75 642911
33 54 505610
25 100 611793
62 79 907440
22 60 165698
7 13 672702
13 25 223348
9 18 543047
52 83 811501
10 74 270886
24 39 564346
82 87 475638
41 51 385448
20 51 210585
15 63 977738
7 64 283507
46 75 557241
28 57 396590
55 81 69581
59 91 648054
57 91 431719
65 74 307388
43 70 890536
29 97 669749
17 40 921145
27 62 164442
15 78 602371
11 49 192743
30 78 85943
100 100 113631
50 89 381637
54 86 938117
15 77 475558
27 74 581154
31 34 347669
52 80 781763
3 85 943504
22 53 71866
6 34 465241
8 33 751130
12 75 977081
11 98 369470
19 57 901434
20 68 794817
52 70 349738
14 57 669637
53 64 745372
41 61 771118
64 85 302249
25 46 695654
49 85 840425
1 86 829849
31 65 753597
89 98 242616
9 27 548743
11 66 216184
11 99 301613
23 27 402194
11 100 379100
29 88 337219
1 14 852417
67 97 850315
28 35 72016
48 96 938352
57 65 504447
63 72 474811
59 61 182666
34 99 242487
59 76 12782
69 83 945719
24 77 907888
39 42 614350
31 78 243094
28 64 422231
52 95 559530
71 72 574829
4 54 710589
2 89 925298
40 63 73632
83 88 166731
30 41 252778
48 87 221727
37 68 107574
64 70 161181
29 67 94756
37 72 23094
38 45 522262
50 64 60253
75 90 938035
9 89 534540
20 95 697829
52 96 876032
31 82 938525
23 67 688697
26 80 922507
10 99 62845
24 73 991273
50 97 430548
36 76 911279
8 41 511628
32 97 618846
77 81 986165
49 91 410040
13 57 902500
8 61 662276
55 59 803057
11 93 301708
9 94 488634
36 72 360737
14 17 31584
20 58 636756
23 81 281224
30 82 446524
27 78 422170
39 41 101428
2 23 259075
23 36 218268
22 67 209716
1 25 57750
7 45 448546
13 73 907593
8 16 347719
38 44 563360
44 77 925981
83 97 790537
15 57 731752
62 80 775352
13 32 645739
40 43 78883
24 86 446383
26 65 691398
6 85 166466
10 79 751519
7 8 27444
5 48 702001
26 81 176602
54 74 473091
54 74 250252
20 31 101279
7 62 993321
66 94 158934
36 60 799312
42 69 421945
60 89 956966
34 40 565855
42 62 914069
81 90 624612
36 60 756617
14 49 683686
32 79 136564
10 70 313032
31 50 224713
74 83 60848
8 20 275458
20 41 665035
29 67 121820
8 82 261575
15 59 440920
42 95 683285
17 81 328442
6 13 900527
22 24 171979
7 41 430798
31 84 897689
9 25 697073
1 1 113972
51 97 764059
25 31 199601
39 76 622994
27 35 697704
10 86 776099
13 88 278072
13 57 263004
6 85 200640
19 32 578831
54 58 981542
56 83 630675
54 95 178898
28 77 109572
14 43 22193
21 25 585984
3 79 801652
36 96 663274
8 100 972945
20 46 531049
37 97 377407
8 31 119784
47 78 878268
33 95 749973
26 96 879560
89 100 764516
23 67 770218
7 21 7628
58 79 554856
45 49 771078
5 43 176017
9 13 774547
40 90 291573
22 55 335989
58 74 7849
13 64 375091
16 52 711878
49 54 427928
15 16 106024
53 54 742131
26 71 949425
30 82 330838
48 88 947270
18 95 991576
12 69 171151
51 65 834389
17 99 687801
49 69 815339
62 93 119734
19 94 887805
30 67 997177
6 70 840818
43 79 521788
3 61 828597
19 91 280637
52 65 873972
34 38 43130
71 76 813540
42 89 458234
46 58 728697
60 94 608070
37 42 200688
71 96 716714
26 42 544903
28 61 588407
77 98 992449
13 57 517378
40 49 533413
3 95 573348
24 69 569918
1 6 360441
70 99 237659
11 41 163876
14 53 44878
18 72 360391
2 40 654702
19 43 340877
2 27 989783
12 20 937059
7 66 474855
48 51 717176
64 78 982081
5 71 527747
20 26 880332
22 62 841787
39 43 77747
47 100 769758
7 26 258661
59 85 775213
20 35 350292
92 98 82988
54 83 632888
57 75 578277
48 77 708043
13 77 790948
67 92 254796
82 84 726522
2 18 691710
93 96 136124
28 95 705256
30 58 44035
10 74 205525
43 47 13419
8 13 770900
69 88 130327
14 30 321527
42 73 586474
26 42 26581
35 39 295501
57 96 636554
10 85 725805
65 85 502644
21 64 323068
73 86 282807
9 40 729389
3 18 565560
6 42 99259
17 68 355747
56 58 18465
17 89 481318
1 33 410017
53 96 98166
31 64 534847
11 78 998279
5 7 727173
47 71 23510
30 35 47103
83 86 206817
5 92 251774
23 96 73964
63 73 239127
5 89 558076
38 67 959331
49 75 211165
73 100 812991
19 85 14814
53 95 498443
76 99 691409
50 71 768301
77 79 975438
72 76 630029
24 38 319279
43 45 267865
24 33 549587
8 65 249472
4 47 188381
46 82 527609
12 29 393204
35 67 469691
21 63 279491
30 45 564357
25 37 207993
25 34 348438
28 38 465032
37 53 707763
49 56 434856
22 32 600678
35 89 610835
16 74 264635
62 91 664072
25 44 192195
63 93 862667
2 93 459667
81 84 426017
16 72 541252
5 70 106774
29 35 616435
47 73 781561
3 59 215744
47 73 834460
57 76 716753
45 46 836759
53 77 734543
37 49 615108
56 82 688421
60 78 313218
20 74 65478
26 35 598452
40 61 521701
55 85 4738
57 86 762685
22 38 39573
1 17 677449
41 73 966876
28 73 587211
45 51 776780
73 88 798024
75 94 470810
1 51 726792
80 89 935425
19 31 512600
6 80 74112
32 60 825993
8 34 247066
12 33 553968
14 51 854871
14 51 697766
6 14 510592
50 77 139016
22 92 735845
47 98 811639
39 69 691224
47 72 765975
53 94 56753
4 100 695953
2 45 698378
57 61 621907
25 35 32066
33 97 557452
2 90 833405
25 67 242355
15 63 880544
9 52 830016
18 63 155991
13 50 64687
66 67 706641
39 66 177666
9 80 837568
63 69 124670
3 23 563100
8 94 529770
22 58 379103
4 12 351894
38 60 167177
14 95 779536
27 32 279899
13 64 556910
11 28 727901
18 82 667337
57 83 717147
23 59 538622
28 97 560226
1 13 985006
21 56 782981
25 55 729469
52 82 601884
28 48 420692
65 78 419649
11 26 491425
26 47 678163
17 55 810836
75 96 831286
21 27 668578
9 67 888719
13 20 765443
32 54 932682
30 100 777462
50 65 560726
23 24 940282
14 33 86566
38 47 749908
38 64 618352
46 96 957198
41 75 536879
38 77 20917
9 19 706338
64 95 258520
22 29 837517
77 86 603277
24 94 451701
82 83 768942
48 53 254439
40 98 754581
36 44 654255
44 74 634150
3 70 501219
4 39 665540
3 15 378776
1 9 744217
48 68 82857
6 28 374224
9 62 586998
14 30 337372
18 52 308576
11 31 604337
12 89 347088
41 78 644872
42 94 405999
20 91 168925
38 48 298989
7 96 870323
80 88 214460
8 40 807052
21 38 746516
22 23 724211
42 76 815344
6 59 185845
69 98 268813
17 48 654433
47 80 956336
37 42 568013
86 86 363038
21 68 144211
60 72 168419
13 15 66318
20 40 651278
19 59 554911
25 45 59826
29 77 6573
15 66 262501
23 62 727518
15 37 635522
55 66 8673
26 74 941033
12 78 682790
7 69 614459
14 45 819554
36 60 485857
51 56 732622
39 53 806212
19 47 742630
19 85 733588
2 95 844204
30 87 910596
3 95 194405
5 18 436106
33 64 76249
5 61 396897
91 94 455317
3 38 487945
16 27 682475
39 71 430787
5 80 528494
29 51 675800
19 82 176313
23 29 842257
26 79 921319
13 81 371710
14 96 767194
12 65 664562
33 56 64758
16 73 509187
49 69 867172
30 55 613965
59 83 110098
23 47 534637
27 75 649840
43 49 166472
10 16 972147
2 63 714307
35 46 136148
48 74 177803
31 53 278032
88 98 343565
45 69 455591
27 62 607356
3 18 54815
3 9 925585
1 47 567232
63 74 608772
43 59 67863
56 60 544854
30 46 862646
31 88 879112
56 56 714929
9 22 659939
47 70 483488
76 84 287792
67 71 687841
63 80 390143
6 25 695253
70 73 684835
50 80 812192
37 82 815090
29 57 151660
45 61 208840
81 83 173733
22 42 540930
69 94 227068
42 71 798533
87 100 598374
16 28 52279
74 91 313756
3 99 711426
3 16 36763
55 76 498454
70 99 102883
1 95 204518
34 64 820730
14 94 81896
9 23 958952
71 90 970968
2 40 827450
55 91 856883
11 92 328194
12 29 159998
9 54 882196
23 63 667263
43 50 996936
42 63 567168
62 81 821564
11 66 890385
94 96 666385
48 82 493189
7 17 808492
27 49 562
5 82 536692
92 99 505588
17 27 10584
49 77 118953
8 31 516168
65 85 88051
1 13 704441
67 94 190523
36 63 73701
9 59 265771
38 66 249222
16 71 272817
26 27 33952
11 45 37441
3 46 221046
21 76 982225
50 93 586769
38 94 279324
10 53 543614
39 56 226722
32 39 11471
48 98 36517
34 80 147224
49 51 533228
13 76 826609
7 29 313665
43 70 786360
30 35 255668
24 60 136270
43 68 773400
30 82 898584
37 49 738563
75 92 140478
93 98 951697
3 72 424557
9 22 740896
23 61 576790
52 88 895059
75 84 914094
24 99 849680
45 98 560110
24 97 483652
54 85 783571
4 68 955676
25 54 372701
4 55 923916
2 18 898642
26 35 567306
51 52 36283
11 42 61842
10 30 995811
15 37 908002
48 54 731677
24 37 44989
4 57 490237
12 60 866537
38 59 847643
28 41 499379
51 82 328918
7 97 305128
21 30 432205
11 64 974300
17 46 811429
49 66 122726
95 98 563592
6 90 769247
56 92 580450
26 43 813224
16 64 277156
28 79 336355
30 72 781316
13 92 753207
24 37 720441
1 25 674638
77 83 547649
9 94 17753
16 39 729116
43 60 273161
10 73 18256
59 71 131541
31 58 577318
78 81 404025
22 83 221673
5 79 889075
26 29 306540
77 77 351429
44 44 263107
12 38 575096
53 87 234310
51 53 507670
8 27 768340
59 89 50413
70 82 58956
16 16 509265
70 77 875667
29 32 916121
50 77 763027
43 77 318302
62 72 119737
24 70 728833
50 84 791540
64 85 400548
21 74 334330
47 49 695598
28 57 380740
10 100 45770
81 82 658447
40 88 327270
37 76 770588
61 77 952054
1 19 311407
56 90 91057
83 100 328145
4 92 172816
3 85 425616
10 60 191188
4 30 436156
14 90 404735
21 89 518506
6 9 430168
11 70 595315
22 99 206634
66 77 504307
66 95 70211
13 70 883532
17 54 917303
58 64 803747
6 15 268381
86 99 822880
9 68 70991
10 61 418800
27 62 935148
53 89 325572
43 93 648407
2 83 464530
14 22 36854
16 26 514385
48 69 319094
52 100 394047
51 52 637765
65 89 394141
59 98 190805
34 77 709295
9 14 102365
12 29 946558
62 88 833433
65 93 444376
50 71 399879
47 75 115917
13 89 191978
50 100 850162
48 88 532169
37 83 210080
26 42 930543
31 42 654963
62 99 173994
5 100 757709
17 84 57102
47 70 899795
23 45 327922
40 49 756269
37 64 232944
25 61 957960
47 74 203431
45 46 181974
11 68 359418
25 37 596170
23 33 925456
8 34 899423
64 92 700308
11 16 808400
28 57 302452
39 77 921502
13 19 728036
16 60 86992
46 88 816539
23 50 113772
50 69 639315
9 53 748673
48 79 67787
74 87 3679
36 61 153798
61 83 842075
47 65 177035
26 63 461902
43 74 675941
67 87 441172
24 40 585186
42 49 161808
19 81 214934
14 22 950052
8 36 923288
63 92 470972
38 56 333634
26 57 781698
17 52 803635
45 66 3560
11 24 642318
1 96 145380
17 28 584698
29 91 226541
18 40 654690
67 97 204289
43 69 50229
2 74 169057
55 81 471525
52 68 353746
76 83 302505
6 18 109147
10 71 539389
2 73 142603
5 94 537247
17 33 120690
13 64 20563
60 64 926885
3 87 368222
47 61 814653
63 77 602124
39 72 183255
46 50 243179
46 55 882131
15 94 226255
22 95 862423
9 90 792975
82 100 963787
25 57 715333
51 69 959132
46 79 515152
9 96 205116
4 76 41555
54 64 390175
26 41 253046
31 57 709629
70 81 790946
7 76 698580
43 89 547206
68 90 692197
54 65 223958
8 33 883252
9 38 975113
46 82 396619
32 82 900569
29 38 122806
80 84 209285
53 95 534662
85 91 361296
61 93 36816
70 92 837378
40 90 459053
13 49 493988
9 19 134778
33 93 169093
47 66 520471
52 77 676602
66 100 102122
13 54 996503
71 84 20891
44 83 835129
15 62 534680
38 50 866110
3 14 105616
2 22 611210
36 49 940666
3 53 724994
26 44 473806
52 77 944466
67 70 828808
13 87 837801
27 91 1322
95 100 804409
12 45 165304
95 97 493562
19 52 972860
47 70 703078
16 80 459202
12 40 676156
11 31 952667
63 70 656255
54 55 71708
25 94 385782
55 65 778270
15 25 219821
7 39 349758
38 97 616560
21 36 895965
47 55 804373
40 47 623454
29 77 434864
26 73 2349
9 38 495710
38 86 860212
10 70 813566
44 59 596646
92 93 418929
43 95 454711
6 74 625759
14 40 484191
23 85 296435
23 65 712029
39 74 217884
59 77 538352
6 75 137164
31 79 711709
6 62 344955
54 77 898734
18 99 903907
4 68 26799
72 73 297988
7 17 307121
57 86 385759
29 43 873865
66 78 526652
44 54 252624
18 95 381414
3 31 622691
18 35 58988
15 50 456099
19 23 782497
47 91 658164
26 92 725018
5 39 750591
14 38 838517
27 70 13042
76 87 328206
60 79 385149
18 40 994185
18 39 161236
3 53 573454
45 75 719858
24 71 62022
12 77 312082
29 48 118625
93 96 56822
19 23 621841
27 75 479395
22 35 163918
9 17 695521
39 41 151506
8 82 251325
39 66 14044
37 60 706760
50 78 724016
19 48 133847
4 34 830227
15 89 265476
4 60 651793
35 93 13097
48 97 121401
70 76 302698
60 83 20190
27 59 790250
52 72 339094
41 91 150099
55 81 52860
22 37 973392
66 81 93871
14 50 910484
29 99 91923
34 80 405203
77 86 491021
31 33 517574
9 54 922377
34 90 319529
11 31 5174
12 47 609470
52 99 383623
7 24 496522
10 95 212145
77 93 503317
12 36 218418
24 89 958636
89 94 289542
5 11 405152
3 40 949170
4 57 928966
51 79 17339
4 74 249208
48 82 236525
27 53 213009
20 31 920727
46 83 593650
8 65 12876
47 77 300545
10 63 161570
24 66 357479
34 72 394996
80 84 27600
36 46 839457
73 95 443885
1 30 369869
62 83 593202
28 36 440669
6 8 445018
47 86 367294
1 40 158753
22 46 751325
54 98 992071
27 33 813933
52 58 662801
33 89 422182
74 83 117961
36 55 139586
31 71 451452
6 48 950465
26 86 699321
57 87 74276
11 42 384343
41 78 334644
25 83 63853
28 33 133754
15 91 967705
17 26 841670
14 96 695868
27 72 676459
13 88 77882
36 92 655103
13 35 314684
5 61 295965
16 99 172272
34 69 610853
37 97 602246
36 89 25656
16 61 448627
13 74 845375
28 50 273520
46 63 439907
9 87 2617
75 95 693844
82 84 933649
58 96 353413
46 93 208442
48 86 774188
13 41 786111
9 35 428036
11 28 436781
61 83 381389
64 71 801939
14 65 684744
14 85 416008
15 36 964606
40 61 469859
69 77 484856
36 39 589378
43 58 807046
19 31 944774
20 22 259003
20 99 967187
37 100 511661
38 60 443283
33 94 897335
84 91 315378
66 100 919737
85 100 51617
40 45 587284
4 28 531029
26 42 354801
53 79 458694
87 92 258553
6 7 8947
40 93 513885
67 67 665691
40 99 740557
5 90 824132
51 84 885186
72 84 544118
19 55 758071
13 35 418111
25 43 61289
28 100 515694
39 65 147549
31 76 939994
21 40 879257
13 79 747930
9 39 196327
29 43 468300
25 60 152343
35 92 473681
25 26 673916
80 96 351821
32 47 604972
10 28 369770
22 69 227138
24 82 784084
12 95 545566
27 56 70140
30 33 319202
49 88 168983
67 96 570740
37 68 280030
87 100 77953
40 48 360270
31 96 765430
53 87 684967
36 41 737031
15 66 602159
13 34 348714
8 60 541614
10 69 803994
16 72 94386
61 96 851479
3 96 346698
42 49 176483
32 73 331533
20 62 414084
81 84 345618
11 79 708935
49 60 875576
16 80 543673
19 55 279261
16 23 917870
32 74 164137
53 90 786940
43 61 220546
68 88 960959
57 73 412567
6 95 669460
74 80 873049
8 79 393056
31 77 938491
13 63 198921
1 58 693239
67 95 603897
30 71 898889
26 36 225313
8 17 123316
59 91 905137
5 83 80187
59 93 274851
41 41 493799
26 31 391599
11 59 615174
48 93 642134
29 50 798503
36 95 680858
30 66 200481
3 68 855361
5 75 468619
30 39 946840
63 67 960964
96 100 364268
25 55 83627
66 70 271633
36 90 448741
52 94 514525
1 66 699932
51 52 908396
45 84 392828
23 91 950556
22 78 4790
63 69 388623
14 83 602559
47 68 107566
52 71 897040
58 59 324835
28 37 525734
12 18 327260
49 82 567682
30 34 570765
13 56 536296
17 66 619308
48 64 146081
7 87 381045
62 91 339259
42 81 35174
88 91 157509
15 55 945601
36 94 114710
64 75 594703
1 72 896326
28 46 874010
52 91 446513
13 37 901744
63 75 360121
9 98 246885
24 41 862146
27 75 419727
19 49 306038
6 83 18250
34 44 848577
52 60 134260
13 63 220245
61 71 194864
2 10 383269
5 35 236004
82 87 926571
54 85 68029
57 97 180260
50 80 977832
86 97 368464
21 31 552985
93 100 838773
51 97 466247
11 71 3292
7 41 930219
49 74 884816
31 71 703430
39 96 953060
76 95 332058
30 88 297580
62 87 266542
8 73 309953
15 34 962445
2 11 369855
4 95 46405
67 89 676552
11 30 266666
52 92 249217
33 64 903570
79 89 58642
68 88 68697
48 93 889896
7 82 853853
5 85 861684
13 37 334273
42 87 754027
55 88 992172
66 99 868551
43 52 499529
35 82 899971
45 86 561670
44 89 425440
22 44 397655
9 73 579876
10 38 974834
7 39 45656
8 65 849939
39 59 240327
86 90 830712
2 47 351172
24 73 447652
12 12 632419
20 25 841758
77 92 343997
29 65 878321
16 89 606126
35 70 868459
87 92 215320
67 73 126624
62 97 516640
73 80 285095
57 60 551470
68 74 136857
27 42 37999
26 50 299991
2 100 256533
15 35 246211
39 45 394643
91 97 928644
67 84 348067
15 26 864709
16 50 961730
5 41 623220
10 63 848561
14 72 60421
6 71 828724
17 52 11951
28 85 511701
40 68 975596
6 46 256351
41 50 81787
18 53 177893
94 100 926943
58 62 333115
61 82 438559
62 99 607226
58 83 448774
87 100 844607
66 79 532706
9 79 456746
21 24 113223
15 53 492960
32 68 454476
3 70 740235
13 100 574730
9 62 949464
18 71 663266
80 92 184054
14 94 499767
1 48 13468
15 80 10670
50 69 531137
13 20 781746
50 75 646243
50 98 843572
20 60 36227
31 82 546149
14 72 986277
74 91 299709
50 59 736850
1 79 851829
41 63 574360
87 98 670542
18 91 584199
32 73 516683
12 73 259636
42 53 102705
37 64 232952
71 95 782603
72 95 219888
58 88 399274
28 60 703484
84 93 981215
20 54 148930
49 75 570882
4 98 307306
78 81 846125
3 45 8865
24 83 92031
45 50 455193
18 41 913883
28 95 750661
16 68 862056
9 80 59360
9 38 441361
7 71 667429
23 27 954436
9 83 502741
50 79 850230
47 91 39735
23 64 221403
26 94 604433
4 83 975216
68 97 386290
22 92 762995
16 54 542122
85 89 50919
22 92 940174
50 95 208083
32 52 847543
61 88 94978
18 59 969154
27 40 295299
26 47 162575
65 89 452712
29 57 264004
31 47 630985
45 60 289097
52 58 931328
26 65 736076
17 71 543340
18 83 581692
47 98 154800
32 84 643856
14 92 319539
25 28 218943
19 61 516384
21 56 923655
10 94 192934
39 55 710761
12 48 340855
72 92 961130
42 44 250443
71 74 14097
34 45 551516
54 62 419757
41 70 138601
39 82 966414
35 70 228533
12 51 460169
19 74 430151
13 100 301559
12 34 414058
57 97 662837
11 94 201133
8 48 756963
55 87 323554
3 22 890791
22 77 863777
1 26 779178
24 36 730052
19 88 313687
8 46 972906
87 90 472737
20 42 847478
21 82 890555
66 98 258320
2 61 14688
16 29 608737
2 20 121867
21 30 459992
40 62 577598
10 90 942250
13 66 199293
18 22 640331
80 83 898258
24 30 940664
26 81 318921
82 97 736688
12 29 749939
29 97 215540
34 58 896869
2 81 594956
78 78 325305
21 53 526147
64 75 595337
42 83 450920
16 77 225081
9 78 556301
21 32 348460
7 62 500810
36 87 563851
24 96 480761
4 98 794308
56 95 337721
29 70 140038
25 30 883502
31 65 681352
9 10 625789
11 71 418881
49 56 754706
48 65 500656
17 63 501020
42 59 993492
10 52 21389
45 79 589746
26 65 428765
62 65 494164
51 71 404486
14 68 594246
2 95 312135
42 70 695321
13 92 306468
8 21 92579
68 74 924450
8 21 262395
46 72 429197
19 93 350911
96 96 961972
17 76 80015
2 8 414057
35 81 900049
47 51 497796
7 14 922605
74 80 994271
33 70 537937
13 89 769754
70 92 322029
10 77 736214
10 85 181109
55 84 765627
54 94 799588
27 69 692724
86 97 435061
17 75 611824
35 54 721451
64 90 365794
1 82 168776
25 72 643712
5 20 880343
13 40 496965
39 76 977252
68 96 804208
98 99 370368
52 61 659205
13 80 303553
28 76 109449
32 88 222846
40 73 932744
62 99 999829
38 74 318481
68 78 680486
27 49 305910
90 94 581847
5 7 391119
21 62 738705
12 65 928566
23 63 709375
12 55 864011
92 96 893908
34 38 909167
46 78 838532
9 85 352075
18 38 790152
30 94 57416
6 72 204444
3 9 562262
62 82 710274
81 100 357543
46 75 351039
90 94 160499
25 46 4315
66 80 4404
49 86 448227
55 71 783274
14 30 55784
15 53 754006
44 75 484096
59 98 880129
4 73 588674
31 67 646900
5 45 892684
21 65 219327
21 100 499839
86 97 403508
15 83 962879
8 53 468267
43 70 604469
24 91 586175
52 93 160463
7 55 349453
56 71 610493
4 88 729594
91 96 344308
31 97 969323
11 59 991084
8 73 408396
3 84 337060
5 27 196044
27 41 624795
50 95 897630
8 12 353175
16 38 185912
66 99 974752
32 92 221269
16 69 971075
75 83 744757
77 83 271505
51 54 401817
50 93 688288
4 91 805514
70 78 333255
8 90 172113
33 71 744676
53 85 732158
49 62 880472
8 48 107875
9 30 951047
56 79 104408
52 61 623067
44 50 633336
1 71 355007
19 27 780000
11 62 307174
23 100 783029
49 75 532548
37 65 865372
65 93 713298
36 94 105666
51 51 951053
28 41 646484
57 85 632245
26 69 408901
16 22 540752
6 47 442189
45 96 345702
88 97 927079
2 19 550660
12 79 629264
54 86 432315
53 62 462541
36 88 912737
35 59 543587
37 37 211469
38 73 87007
31 93 462365
2 51 169230
17 64 60850
40 80 359620
21 56 373680
10 21 449239
3 67 160065
14 74 502370
50 55 967313
69 80 6277
21 84 294929
70 76 742369
12 15 699126
30 61 219935
12 56 785337
40 88 331624
39 64 791766
34 58 829612
16 66 348368
46 90 461790
60 89 531945
42 56 38004
7 81 887084
28 71 875241
7 31 747878
38 81 343357
5 83 310694
2 78 262194
81 100 313987
49 83 597838
64 92 427668
15 43 209310
51 95 864824
25 59 704815
27 32 537613
65 88 81685
51 62 219195
59 75 749414
7 95 438952
84 87 882685
28 40 477763
71 90 283066
29 58 336700
55 89 436222
51 60 331144
84 98 193586
52 52 694368
21 51 129536
30 56 58049
45 53 289942
20 56 68843
51 91 59879
21 26 596708
43 74 994540
37 79 297716
6 62 619869
36 69 284777
16 85 731963
17 45 861074
55 72 927240
88 90 712454
16 20 974410
21 41 665628
72 74 543950
33 89 756083
30 36 898401
18 68 799210
54 77 923799
52 100 249254
28 90 235142
3 64 665297
57 100 262665
10 59 794071
35 77 679552
5 50 613737
83 88 101645
1 93 385660
39 44 554902
57 97 913737
48 90 732232
9 22 835341
4 52 412048
3 5 774088
22 44 127330
15 67 152448
5 54 744372
33 66 97533
64 74 624770
1 23 649805
7 45 500810
25 58 476287
15 30 123662
93 98 692266
10 68 596247
2 14 42278
51 71 23279
69 79 131407
45 94 368292
14 77 761735
8 81 640714
2 90 348594
19 94 781623
73 90 263482
20 56 800198
23 60 509963
3 69 522903
4 77 283798
27 86 703948
39 60 415313
50 96 75148
7 79 389747
31 71 336001
5 73 699577
21 97 158492
32 63 427878
83 85 725134
38 57 452605
96 98 904270
9 31 33159
4 19 942743
25 42 936722
20 30 16809
37 81 370157
78 85 871430
44 60 694127
36 54 613045
9 16 618480
47 92 264257
27 78 536652
42 83 514168
37 38 227877
51 69 220974
12 50 295200
63 90 273401
40 72 858532
58 72 8373
52 60 459553
9 54 341183
18 50 657861
47 51 110012
2 48 538374
42 81 259154
30 78 983709
9 79 606764
1 26 35463
15 82 946744
34 81 245509
55 62 381290
46 88 670235
28 100 421816
62 96 101330
9 77 110046
26 58 745912
65 100 396890
43 100 611804
29 39 271023
16 32 270613
34 94 360292
44 96 825339
30 84 827715
12 51 72362
33 56 655005
4 88 403332
38 83 612099
51 88 126830
50 57 220940
20 32 132880
33 96 51924
17 33 333527
47 73 769145
68 90 692852
67 88 969502
65 74 564381
30 55 820778
70 98 440969
35 93 16775
22 84 121014
48 66 530278
43 54 36452
44 83 714104
59 100 319641
30 49 979444
18 72 838302
4 74 639638
16 97 259967
8 35 122588
20 73 882316
22 49 103241
60 98 773660
19 37 527204
56 61 846663
1 90 856567
9 14 671018
60 68 521171
29 94 398117
88 89 723209
12 89 766365
24 28 478704
17 37 920764
15 32 767588
20 83 168110
35 76 310211
63 95 505765
37 42 456688
15 47 933972
36 39 46418
31 99 57333
91 99 353556
84 100 558022
6 36 446692
46 91 863045
18 86 453878
25 42 815545
7 22 65665
5 43 661483
57 76 271422
22 32 636647
3 12 674222
21 54 421501
3 76 105235
22 96 78276
29 97 531316
34 90 847188
37 89 313308
62 84 385226
16 92 923546
34 82 6790
3 31 661760
19 87 404398
28 98 757925
6 66 897642
70 92 206757
5 92 920359
8 32 888734
5 43 4374
79 89 366067
38 65 813229
15 87 393035
45 78 530275
10 88 64593
80 87 68726
12 22 158644
1 14 292903
21 65 871782
53 100 937402
2 74 112798
18 28 589433
41 60 168792
56 57 945008
60 88 410578
40 89 15728
59 71 176655
28 72 632077
13 84 479894
4 13 879586
4 35 888562
42 43 187147
33 81 205746
11 41 257384
39 83 457128
75 85 730271
57 62 242347
53 89 404568
39 58 390679
21 33 368448
69 69 178826
52 64 466889
41 91 830888
56 94 601830
88 94 437910
9 36 169426
11 98 929408
7 85 802696
33 84 357972
5 35 557706
97 98 946758
49 79 27548
58 84 793933
75 89 893384
5 43 354275
54 69 729625
22 78 311815
50 99 7203
35 44 863292
36 60 811448
47 56 515785
52 56 21105
45 85 611769
28 36 872493
43 91 137691
16 68 575499
20 35 566465
45 83 475569
82 99 920515
5 93 682695
8 96 179387
19 86 170171
4 7 167816
7 33 189052
7 28 203085
40 83 594241
75 91 740593
40 97 207617
32 36 532063
64 99 473851
59 84 798278
62 93 685485
63 73 861336
27 30 357279
6 87 186252
25 99 30423
38 86 459934
68 75 92324
41 49 753037
61 68 563415
42 100 910554
25 44 80195
26 86 490765
36 77 268418
43 96 108017
37 86 186736
15 37 87637
91 97 593136
4 50 631051
41 42 772325
4 46 319147
14 77 322936
24 58 624271
2 72 919190
58 63 313942
8 48 916273
53 81 317987
8 57 384125
61 90 460253
5 62 574770
16 30 563247
70 98 175886
43 95 936648
10 77 753682
71 77 539738
9 68 326147
34 65 634717
38 65 948008
42 57 266379
1 99 270288
13 80 740515
32 97 268492
58 72 645673
56 78 329903
16 50 61538
54 63 909203
10 76 897306
18 40 376405
1 19 897888
35 35 275477
3 57 904582
32 79 424505
38 58 912996
23 80 266025
52 93 723284
38 58 821203
34 52 466357
26 84 799526
20 32 251690
31 83 371161
26 39 939291
31 36 729124
9 18 3185
14 89 736003
60 76 711004
56 77 258744
77 86 429454
11 19 680903
8 38 858815
60 87 569082
13 83 872937
28 92 930781
6 73 285899
29 31 699650
48 94 670504
48 55 460220
63 67 829832
45 72 164133
30 62 331380
39 47 857690
20 58 33660
5 63 231227
77 78 383666
50 55 871406
21 95 552622
14 94 477148
14 97 182090
2 30 573744
32 89 848549
41 85 584093
40 83 260259
55 62 91671
19 75 78633
3 30 375126
35 54 646435
65 91 553881
49 77 96064
6 91 914719
18 89 495666
62 79 538477
23 52 542257
64 66 771405
25 65 27511
28 61 699019
75 76 497924
11 26 917753
1 38 70489
31 52 717802
4 55 703487
3 89 288120
23 92 181567
32 48 554816
8 11 547689
13 41 723490
22 78 735695
2 4 723141
58 69 700553
18 62 7631
22 40 698289
31 32 892079
58 84 488615
31 93 751636
17 56 217484
40 62 308661
26 40 946120
6 43 976650
37 51 127559
41 50 657679
60 87 320822
31 92 621190
7 79 32968
12 70 178164
66 92 246005
30 96 895969
88 91 975479
12 74 344858
27 65 978446
3 64 549297
6 47 502203
60 85 929913
4 87 380102
68 69 859788
7 76 40123
5 91 584647
83 94 250791
5 24 982539
4 36 374045
19 57 234428
35 44 806965
2 35 661571
72 80 245257
17 75 651150
17 91 310841
2 54 386253
56 78 943846
14 31 510645
21 49 143481
7 32 314431
1 74 417371
60 88 407399
15 72 487100
43 80 988271
29 69 730575
32 47 289436
10 42 384714
61 96 384758
57 96 770856
35 88 761162
85 100 982312
44 76 653802
13 49 511374
30 79 277737
26 83 680031
5 87 808865
11 31 395560
48 82 726575
62 91 412918
43 91 488564
94 99 151964
44 93 70100
62 68 641778
9 32 781177
56 91 584659
43 95 597775
8 33 997596
19 50 693766
11 84 362162
5 41 895125
73 84 973434
46 100 12276
6 57 908640
1 79 790176
53 95 509652
16 26 261209
4 77 988230
38 50 344357
77 98 456431
19 90 716684
53 61 594761
39 47 596187
17 37 78612
11 12 341284
21 68 917202
24 83 637562
22 36 735305
5 72 939383
49 79 35462
3 51 556601
76 95 507478
57 88 705566
33 67 355724
39 56 323854
53 57 507648
16 91 139119
45 95 300685
44 83 220336
22 33 205456
78 99 333185
47 72 510126
45 92 749719
84 90 707276
55 81 486187
89 92 460055
30 51 659258
7 89 814012
17 61 905348
5 91 142703
42 97 969231
45 48 722854
81 98 436259
30 75 282652
13 27 951885
59 67 359633
90 98 374815
16 73 578310
79 87 175596
13 74 631236
35 37 506255
47 52 399252
21 68 273635
26 62 990151
14 21 227146
86 92 690989
51 88 508648
22 27 442207
59 78 471207
56 76 37496
16 82 79794
20 72 141526
2 29 582717
20 28 246427
50 96 949498
16 93 404528
27 73 329891
19 22 665342
36 56 340468
67 81 201653
51 93 85296
64 71 817736
43 57 491417
30 38 938861
15 18 452667
6 59 758752
41 87 801568
42 46 540638
64 74 540699
3 65 371180
12 96 48319
11 44 591376
69 88 828455
2 98 822228
25 91 769006
81 85 421833
20 30 758966
55 78 573823
12 46 427235
18 35 924432
31 44 630495
38 75 96404
2 77 309334
4 31 729900
52 91 381689
18 34 487098
25 52 667453
8 54 402020
24 66 878811
78 89 101719
22 23 411152
10 13 492864
38 54 524572
49 62 220371
26 41 656261
38 68 851078
12 19 576851
82 94 204244
94 99 769108
29 50 472125
76 80 730456
79 98 57539
69 75 776947
24 97 877357
13 63 240256
32 70 34821
12 19 225306
12 41 694044
19 40 88739
17 21 364290
49 77 510655
65 86 169553
62 93 225880
13 92 256865
76 76 348314
28 48 482451
57 72 211703
41 62 922889
15 94 23074
16 33 977770
58 64 282645
32 71 668832
9 47 578317
18 35 521819
94 96 195146
21 85 628750
33 60 879826
82 91 624304
17 54 110125
39 61 229114
74 95 392105
14 79 877549
28 74 110102
74 86 61579
10 88 108168
33 68 188059
65 92 101530
59 96 686567
59 79 678695
57 87 755520
82 97 558737
9 69 460726
56 96 337597
61 75 682403
17 35 673299
17 37 361119
8 45 961216
6 77 218123
52 53 326261
20 34 323593
58 86 946215
20 61 95744
37 47 794895
21 48 942683
17 84 820970
28 40 931336
7 27 722233
17 61 72251
48 88 796672
59 64 626666
53 69 66824
5 66 305489
59 100 328351
65 88 235758
89 93 862037
50 74 702404
23 27 474430
48 70 574873
75 85 691829
13 94 749690
73 96 721622
19 81 465077
9 30 399233
9 26 570203
40 69 669723
45 53 683782
69 87 298702
14 20 849999
21 83 62598
88 91 353108
3 26 318965
19 69 959226
19 34 942990
16 81 793511
45 47 533835
62 99 671238
58 82 265385
39 82 320581
62 80 449385
18 26 732056
52 70 643983
6 100 507958
69 77 990180
47 64 841177
50 64 33590
46 52 462911
26 52 522645
32 44 371501
8 96 193494
2 5 672361
22 28 473681
21 55 575934
84 89 884773
84 94 278395
41 54 197041
27 84 963890
33 46 987354
31 56 365562
20 37 463498
5 31 244591
22 79 899246
10 92 505583
12 85 847797
11 41 432861
7 37 944597
15 15 599264
34 52 785672
39 48 946850
45 88 238985
2 38 91860
25 37 477209
40 85 403943
88 93 959423
10 14 498386
78 79 830337
24 82 727761
10 78 182126
46 72 24162
15 55 692438
59 74 154376
21 22 899918
40 73 162954
27 85 783854
58 93 968051
60 95 372565
2 77 80017
4 29 898338
54 61 943225
49 90 819899
1 24 376191
27 78 348744
56 60 32064
14 26 903542
8 38 968666
74 77 182647
37 40 618288
44 60 222206
29 55 437225
4 58 410565
4 60 315312
63 81 898249
14 99 344499
19 57 198475
10 40 979430
35 68 762831
6 53 449792
65 92 808095
52 70 775995
22 45 20551
37 63 536470
37 100 652184
54 85 240212
30 48 194343
55 70 308476
34 35 134093
30 62 486873
31 84 513574
31 66 833913
33 70 218324
2 68 723377
41 89 888060
5 20 881685
46 68 643846
20 69 217346
9 95 256672
3 30 353814
37 86 643833
29 77 449396
11 24 407880
4 61 480259
21 83 396868
85 92 852590
11 27 466603
12 85 165092
14 62 616702
61 94 453847
39 71 414273
68 73 357567
44 52 823038
18 98 701206
74 87 794305
24 99 351643
85 89 242779
55 89 183185
43 98 558241
27 99 16703
11 53 37484
41 78 176944
41 68 980760
32 49 834546
82 99 548488
21 35 253146
21 33 770526
17 75 903292
60 62 475142
53 80 773749
54 69 649194
49 72 937699
24 29 154365
86 89 864042
5 19 806834
14 23 798831
29 87 700420
68 85 482846
80 89 899694
8 86 588773
26 88 139762
7 14 147513
47 56 168660
50 69 308430
60 92 896478
57 76 852577
27 82 178844
3 22 359856
13 51 776543
30 89 100095
4 84 720636
26 64 905939
3 18 925068
8 100 801272
8 73 640940
59 96 642812
30 46 22140
53 90 656372
11 78 761762
14 62 178164
31 69 515590
3 19 808729
35 44 140758
8 85 290882
31 46 888449
36 83 643024
8 99 881726
3 14 807659
22 76 704388
24 88 452862
66 92 774866
33 39 582008
27 63 538918
29 85 781323
42 52 593672
34 35 684399
5 81 275007
73 78 785374
13 69 266584
58 62 615127
86 99 347108
60 79 374237
37 70 702776
51 62 995960
77 95 148781
95 100 525937
80 88 136992
36 36 546327
12 45 71729
68 92 881855
22 51 141190
25 94 623677
56 66 416263
22 44 844847
7 99 867234
9 84 724081
7 39 810055
50 63 7143
34 50 476202
42 98 778040
50 72 236102
33 39 928656
1 8 258134
52 98 397019
13 68 495260
8 92 708367
25 39 573917
14 78 570912
48 84 889824
10 18 357004
20 62 610165
15 39 81359
27 69 554986
3 15 2349
69 96 662485
2 7 872365
19 22 673807
17 95 426843
3 40 352181
41 48 17219
42 66 838695
76 80 442683
25 46 935627
20 55 662744
7 25 236554
25 74 305013
74 76 299407
2 62 902065
10 64 76941
9 91 202991
21 57 384696
16 50 109527
15 29 614601
18 99 721042
5 29 635772
31 66 370576
17 32 926227
53 76 270979
82 90 839762
24 26 69859
43 71 359171
56 70 315498
23 37 439923
57 61 207320
33 84 928241
60 63 416814
14 19 830099
25 54 885620
47 49 801458
24 96 752054
24 74 500459
42 55 389504
28 86 189983
89 92 100520
22 82 473650
49 81 686915
33 87 152205
7 16 108
18 35 586974
9 68 959554
22 54 258261
5 10 90729
33 66 564326
46 50 677318
64 85 716364
21 53 285829
51 54 743363
37 46 336853
75 80 286155
22 41 457641
27 82 855017
63 83 919607
19 27 122279
67 88 172602
14 49 67985
19 20 28081
80 95 690361
34 68 476320
67 92 774642
27 39 145804
11 74 980630
71 98 465409
37 77 288770
17 19 241870
58 91 130455
7 9 78854
15 96 888441
56 82 927743
72 77 342930
25 27 725972
61 69 928717
68 87 256485
75 97 729053
3 47 407315
60 98 534902
52 61 316870
14 37 553041
1 47 547242
38 64 561066
57 73 543788
37 86 193283
28 66 265023
1 3 922401
57 70 140187
32 80 434060
19 95 263675
44 53 239697
44 75 421340
50 99 951298
3 28 322435
53 73 662194
57 75 851701
37 67 392380
31 68 723454
4 76 671547
91 93 295149
20 86 229136
18 52 808725
80 98 7457
8 36 372364
5 15 525271
8 76 413677
28 61 804958
11 13 222680
37 69 59815
38 50 691886
7 40 245351
19 97 638168
3 52 830358
34 42 952767
59 66 319155
17 81 163091
30 83 724861
9 68 656967
58 76 990714
43 72 27345
6 51 654578
8 18 883308
43 89 757810
8 33 696664
68 99 60364
36 94 920342
1 64 335059
84 88 184431
26 59 148130
52 72 693612
39 77 219156
48 78 547165
47 87 635786
19 98 561429
50 55 705707
4 49 1130
42 48 637277
17 80 99639
7 78 816207
38 72 194908
43 74 334577
22 26 27131
11 91 585784
7 14 394810
50 71 247197
75 87 56390
59 96 780765
19 63 830540
2 67 247800
1 16 447
9 96 846388
32 72 867415
46 46 537305
50 83 858703
56 66 378484
31 85 633444
15 92 918423
58 61 781723
59 97 508501
45 46 930362
7 54 500105
13 54 806923
22 76 903694
26 96 976926
6 52 516358
15 79 582278
15 35 544021
51 100 279129
58 72 435045
8 13 668339
59 96 523298
3 45 814705
3 72 372477
42 91 516280
35 72 845163
57 75 760942
87 94 316517
66 84 507837
38 65 740327
6 53 129045
10 90 299764
18 74 99433
25 53 533711
33 59 229423
62 98 797505
32 45 985763
17 93 6935
38 64 1666
36 95 611043
23 98 322641
75 88 129976
2 96 998550
7 46 929841
27 34 293787
1 9 641193
87 98 477360
19 59 851202
29 53 5864
4 11 713120
30 46 984601
5 14 631213
39 55 67359
42 90 616981
50 68 698967
56 82 403721
50 56 695654
76 90 106302
81 88 369970
3 52 655277
6 78 697253
23 65 395347
5 86 49712
5 32 900657
48 92 579075
82 99 687434
10 35 190744
3 12 744682
21 51 726951
28 99 537243
56 70 322545
17 74 891696
1 61 548024
5 45 640189
36 84 368130
64 84 692186
42 62 94748
1 32 476261
27 78 406995
3 52 459391
31 32 522875
1 71 491021
66 76 81386
11 16 167735
36 47 696380
2 57 545962
33 94 521871
26 46 772055
29 42 665670
30 85 174515
55 88 315463
53 82 122231
49 54 767423
38 97 541728
39 73 997787
82 97 869486
8 23 177807
36 90 843879
6 83 723345
57 98 529876
82 86 838493
40 66 12672
36 75 729329
35 79 959230
53 68 2320
64 96 679266
41 83 996032
62 87 137796
2 11 576782
13 51 678659
35 84 93191
51 67 119038
55 84 571327
58 88 834842
3 71 115276
13 31 604097
41 63 665418
7 96 563871
39 74 263767
33 83 263781
77 90 117078
17 29 213257
38 47 658350
12 24 214018
48 62 690441
30 74 376910
68 78 495768
45 70 977581
36 63 222860
28 31 983205
50 60 41180
84 97 753598
35 92 260
14 99 237190
78 94 743297
40 47 987917
9 44 899480
13 43 439144
31 47 377551
58 86 835567
6 25 905841
8 67 810689
1 86 927500
33 35 698301
5 75 140980
3 84 522696
5 64 9216
42 49 840076
16 40 438345
41 45 392757
57 65 824304
25 65 875445
43 74 827927
1 93 986879
28 52 322917
48 64 798797
27 55 535429
20 35 736284
13 39 159333
32 81 583597
55 70 201465
8 64 431492
22 95 415479
17 18 251306
61 87 977819
20 32 786733
5 73 190435
3 95 367901
55 73 438226
6 48 770383
29 48 938351
11 78 290459
16 81 21381
17 77 997408
20 61 422818
48 99 8189
67 92 75418
24 41 195992
5 12 462084
67 74 179673
14 15 890233
63 64 142637
32 88 216602
9 60 152965
24 80 779849
94 95 717463
5 7 587181
53 77 703898
69 91 661041
55 85 592076
39 44 616132
42 91 958830
45 100 175768
34 97 147012
68 94 398948
30 55 261463
11 67 313124
3 54 554101
44 49 108310
28 50 903214
38 99 638525
29 61 556247
21 23 181920
36 64 337929
43 53 743690
37 60 960928
28 77 252169
19 77 20670
63 70 39473
27 30 101448
48 100 582553
61 100 93542
20 61 856667
50 56 164037
21 40 185878
51 100 228247
35 48 540589
42 52 69711
84 95 633671
27 35 788008
71 81 790735
12 67 432669
40 81 457203
48 100 236527
12 36 505767
75 85 536293
19 39 221858
29 100 950149
31 92 536862
6 84 42846
22 65 832410
14 39 276224
39 94 538073
8 80 680064
34 34 588578
86 91 956919
15 98 818176
15 98 730689
39 81 252353
63 96 530305
14 26 335801
13 83 549913
73 95 609087
11 43 241012
53 93 245421
12 26 316991
9 55 108642
49 50 155433
38 96 655937
18 51 97705
37 88 837425
14 18 837494
5 81 791389
8 36 851726
50 78 471540
9 71 138802
12 100 839912
71 81 757222
27 100 647216
36 91 95476
63 70 305608
37 50 339752
44 90 390830
94 100 296595
19 54 115750
16 23 90570
14 40 260085
22 90 645414
44 92 152615
80 95 221444
17 75 732874
15 90 461316
2 47 414578
25 36 893260
16 39 974134
63 82 303108
48 70 625584
34 50 42201
28 49 553919
86 87 43069
73 91 203206
55 75 393763
3 92 98156
30 78 212294
10 48 723868
10 93 619233
52 72 927685
43 43 412278
5 13 755417
42 95 676745
80 95 735952
7 33 291108
5 17 930276
24 95 640979
87 93 877204
98 98 187687
8 72 716515
14 52 574197
18 51 38808
38 95 480662
20 37 857150
2 98 865575
60 90 279204
64 91 237960
65 84 947356
21 29 723807
25 50 569214
32 55 551124
4 19 872228
8 69 737941
61 95 260205
26 51 702161
15 65 644925
61 88 608831
42 74 743161
27 47 836758
4 57 285709
61 99 39125
32 56 670632
50 84 440315
8 71 959292
56 60 26445
22 54 169153
17 82 703061
84 85 473009
25 67 209631
1 59 400267
44 46 332796
34 59 957330
69 80 474497
54 89 179661
60 76 46791
44 60 323207
13 32 740395
22 24 726863
45 76 533197
30 79 713655
68 71 232211
6 79 680599
25 58 843750
31 32 409673
35 45 997937
21 23 650477
2 13 259047
87 94 220900
70 80 568892
9 82 994454
13 37 722536
4 36 813678
10 38 485161
49 92 251739
46 46 518592
30 95 527567
94 100 745586
21 63 48770
40 71 278855
54 95 26158
15 25 27212
20 29 852883
2 42 848786
17 22 946866
48 56 489070
39 80 317203
14 71 977145
21 100 901377
14 44 931344
79 86 749963
25 100 804052
21 31 81604
12 74 954729
43 79 620481
76 92 363384
1 59 718175
22 79 609711
51 88 778621
55 83 129853
35 63 847228
21 32 528793
12 16 381509
32 56 851259
50 52 900097
3 54 44191
21 87 588383
68 81 618055
72 97 917140
4 66 612344
5 24 782485
24 82 531578
12 92 885597
57 89 500378
18 67 657899
29 91 789737
59 85 254211
27 100 236028
25 49 277418
74 90 592044
73 83 548588
16 20 47126
40 81 432792
50 59 700123
42 76 199617
2 20 550559
57 67 76924
44 84 630091
32 55 116775
67 76 141133
73 86 575902
37 63 688277
3 64 777413
9 53 49432
49 70 585412
20 76 249742
69 78 645508
35 73 155510
38 92 651317
29 42 955151
6 65 180745
34 81 850143
3 62 117112
16 66 449645
43 81 127165
27 58 12361
34 73 900757
30 82 62209
38 61 272196
19 89 953963
38 76 226322
74 83 444257
82 95 237000
34 46 165054
47 91 6902
9 16 410851
95 98 307503
26 94 393526
77 96 258185
16 49 472352
18 19 488799
23 69 588749
17 85 176848
20 23 149613
66 81 846912
2 6 490807
33 55 893908
25 81 101667
40 92 845752
41 100 468718
13 63 511003
78 93 902296
16 36 323312
3 51 939174
24 54 241901
45 87 311202
35 40 755789
34 36 988697
65 97 617872
33 47 695578
12 47 431927
20 65 105403
60 79 540299
4 76 682134
2 35 269205
6 64 645126
12 67 789989
41 77 529772
41 81 175118
48 52 69103
35 52 643302
14 98 86325
85 87 330824
54 68 595437
5 69 996179
43 74 824711
41 92 440299
68 81 622904
17 54 737974
43 87 854649
29 91 892254
8 60 238790
80 86 429139
32 65 820961
23 43 614664
17 30 649423
39 47 33331
39 66 371096
27 28 776335
28 83 778698
38 58 637723
34 97 250676
43 83 544283
31 43 971053
60 87 843221
18 75 537164
21 28 964371
10 48 982703
28 49 255525
25 88 747639
37 61 758238
28 43 614792
17 31 962452
65 77 994636
29 74 220258
75 88 84206
91 95 127656
24 81 484833
9 67 84423
25 27 475033
11 17 372520
74 98 641935
48 91 354100
25 88 502016
29 68 579931
16 82 215852
68 83 559696
60 90 275353
28 47 229769
41 51 553615
20 74 491458
80 92 541404
12 40 761720
27 68 829455
56 71 767152
83 87 570879
46 79 52463
66 90 247939
94 98 230338
72 96 465401
38 75 342838
15 31 487234
17 46 183199
5 94 688578
87 95 608531
9 45 434403
3 7 459693
1 84 326097
73 89 173005
21 78 205885
95 96 737621
6 15 542684
53 70 874795
22 94 387751
6 33 921980
9 87 392859
19 47 290677
8 20 888504
45 80 324490
59 89 217988
91 96 890865
1 55 386823
10 57 970213
46 97 152078
3 14 519270
62 69 725035
66 77 975606
65 75 771762
5 20 607259
30 47 148603
44 73 572002
55 74 565284
5 27 403672
22 56 431118
51 88 946769
7 70 761182
4 38 440227
82 93 96315
19 33 570409
86 100 333012
40 73 466435
77 89 518617
2 53 717651
20 76 565568
7 24 63936
79 83 434496
19 93 405364
3 10 237462
15 75 17119
8 81 820357
43 54 808628
26 42 739024
33 86 651241
52 62 505344
80 89 95930
3 34 857314
14 75 10981
62 97 701832
64 95 893036
47 57 651014
51 52 205144
40 80 615476
26 39 339763
54 76 343281
73 87 135627
9 94 478940
55 89 439028
57 77 822426
58 91 719236
3 63 855445
43 48 47703
17 56 553657
22 56 593418
17 83 167095
68 84 730178
87 94 450244
49 86 209829
37 69 449497
14 83 172574
46 82 379379
7 31 175195
72 95 362067
11 96 250704
57 100 359740
44 47 999283
11 64 113594
38 52 850240
50 79 362775
32 42 404148
1 84 304230
2 72 764820
59 75 84987
41 46 94182
87 98 87982
59 95 288629
7 40 868446
84 98 382351
24 30 860970
4 19 480392
68 93 739191
10 19 185334
10 70 853231
45 96 187445
29 65 734846
7 17 196643
2 66 471701
64 100 434403
39 73 420138
6 22 866459
12 17 597492
24 63 695672
46 68 251057
9 73 3495
42 73 332641
36 95 106396
63 81 277642
4 44 76558
88 98 306485
24 72 865014
59 91 778541
22 52 161365
19 60 608325
49 86 531565
3 59 463953
14 95 583877
10 46 983402
4 65 28520
24 28 451628
22 92 260708
32 68 282937
29 64 493773
11 33 24502
79 97 253369
34 46 385547
31 33 784132
23 49 16549
94 99 360396
14 28 904501
64 73 212340
9 92 446000
54 60 973155
45 100 269968
3 60 568259
22 59 759055
91 92 699525
94 95 310641
41 93 452890
34 68 925177
7 9 346873
24 34 184561
2 83 339166
6 92 608100
1 11 344839
57 100 378405
30 55 737847
27 84 632776
34 75 864821
7 74 231590
36 61 998860
35 94 347739
10 43 994122
4 74 185417
42 90 541443
12 55 811733
12 48 904845
30 71 67943
63 71 745604
9 11 832684
18 81 40262
47 55 276374
28 78 150710
54 86 977944
20 87 937787
10 85 779116
71 82 698240
85 97 384975
16 82 994867
26 79 331074
43 79 520520
56 97 249801
26 99 790646
8 85 986285
3 60 2935
37 86 236156
46 77 305098
61 81 779206
53 73 719026
29 43 304032
33 77 288950
9 51 152931
56 69 776800
27 40 375787
18 42 247361
2 50 379355
12 41 610474
46 50 475861
44 70 723955
8 21 980356
18 95 4277
5 90 194965
34 71 104529
35 92 131831
11 17 309097
8 76 679456
27 100 459172
64 75 482442
42 47 589165
32 49 84528
39 97 634803
22 97 423444
2 79 838760
87 87 506426
19 58 114755
6 51 635947
40 40 369408
54 62 940725
39 78 144029
28 61 637992
57 100 979997
39 54 104281
28 34 867911
43 66 58337
6 84 520230
59 60 257885
15 39 783433
55 69 836781
24 45 649730
53 97 788215
22 41 771561
35 51 825827
26 49 305559
6 38 27550
83 92 855854
3 52 388314
72 95 733326
63 84 726090
89 98 871519
55 73 846312
82 93 915276
12 38 563378
54 68 737603
36 84 390310
2 55 838648
34 91 191692
22 28 299554
58 93 81066
6 73 909307
54 75 452175
40 81 164226
10 47 846283
9 28 863098
11 23 424819
93 100 873002
23 61 628896
93 100 96157
21 24 788591
1 86 299874
77 88 812608
22 24 599883
10 56 421753
50 76 254640
62 87 820866
35 95 420651
4 31 931080
30 38 815515
54 95 991869
29 72 675
11 33 98069
47 99 599018
21 55 761032
8 8 875355
72 85 745812
37 47 121061
30 44 503034
27 61 8762
13 83 535870
75 99 695506
55 69 826410
30 81 298215
13 47 735626
3 59 539960
53 87 191663
31 73 300744
72 91 4206
3 58 179230
23 74 571680
47 67 719685
92 94 400290
24 41 858892
5 87 101332
28 93 351045
21 99 568348
28 31 242312
51 52 122082
59 61 370863
75 92 814612
41 85 881881
85 96 399650
34 78 17641
76 95 121408
61 66 993479
44 82 400745
10 55 666972
31 87 306072
5 94 718871
13 73 862031
16 39 547821
8 75 27474
65 66 952402
67 72 618795
17 81 161283
62 85 439462
15 27 8447
45 56 136724
34 60 136647
73 74 80906
10 100 758819
79 89 819041
12 42 177182
56 87 81462
45 68 778183
10 95 965930
87 100 722288
3 46 738465
38 83 205361
45 46 444676
15 80 998436
63 87 277504
25 62 536488
70 92 583687
41 50 427105
14 46 632845
59 91 509364
86 100 987594
33 72 577741
18 83 708029
34 70 66075
7 9 899877
47 79 684816
58 78 460935
19 72 816804
5 94 961581
4 18 10193
53 85 907363
40 41 551254
51 85 518266
15 34 213111
39 50 457607
19 63 213561
15 98 3044
13 65 198888
4 84 570539
49 62 256659
5 16 15232
35 99 986188
62 97 268806
40 78 875371
23 93 525734
17 84 332746
3 52 3342
3 70 412680
25 41 40622
74 89 168329
17 58 644154
56 87 968306
43 89 743661
34 78 231471
16 54 173826
11 48 507631
50 66 234619
35 79 828965
50 53 82973
12 32 212998
4 33 805040
25 72 810128
41 94 7553
17 83 76223
14 78 614369
6 79 825879
39 94 428838
67 77 120608
39 81 419495
7 42 224163
72 73 298690
19 53 266352
16 69 770327
68 91 822553
17 50 469068
2 74 845942
75 88 499978
22 59 555105
36 53 689788
10 72 804858
27 36 662037
39 45 834914
45 87 554953
26 88 292034
9 51 472913
20 59 384259
71 75 200105
54 86 659093
68 91 118675
36 92 605354
31 49 429844
31 45 693626
77 85 554292
14 59 613823
58 93 727168
24 46 853305
23 97 808329
72 92 746281
52 55 757605
20 44 838872
30 55 943403
34 44 56975
22 52 811769
6 84 956958
13 96 937071
21 46 180247
2 44 369908
57 67 990930
9 52 120814
87 100 194858
57 80 2892
12 30 56828
5 38 130238
11 25 923628
54 73 748601
5 65 970210
36 86 654389
33 84 434503
33 62 735665
89 98 301259
48 96 898156
10 51 905441
17 79 531052
38 90 811455
27 50 70841
7 21 473952
61 76 256800
39 54 717955
76 88 565362
7 86 532524
29 46 448773
35 39 614880
11 29 56496
2 15 822444
40 92 549009
52 82 75101
24 59 270217
61 79 121414
39 76 909308
26 73 244031
42 47 555731
43 75 474019
56 56 745212
2 4 801807
27 98 690663
4 5 712552
12 64 932041
20 26 958611
4 58 108443
21 57 16829
62 100 501273
42 63 896659
48 78 356870
22 77 128968
24 41 141412
17 63 7124
60 65 986558
29 92 701426
36 76 706593
15 56 811679
2 8 727836
25 46 836960
53 95 660230
20 90 114746
18 51 213046
12 47 170234
20 84 789962
46 78 198125
9 80 847075
36 99 342310
66 90 955557
26 77 205821
32 78 283642
37 63 219917
29 84 638990
8 57 673011
6 79 808466
77 81 819924
47 59 633467
31 48 43478
19 89 386434
79 89 216675
12 67 615203
69 91 257515
77 85 114272
5 91 861345
13 76 22590
17 80 897467
59 60 154565
62 85 325620
52 58 910595
2 5 405644
70 94 340167
11 25 985477
23 94 790312
46 78 76837
61 95 676157
18 23 847033
66 96 175972
64 96 232526
53 54 534526
13 91 388663
19 46 594031
24 74 122957
38 68 954209
52 79 541288
45 83 833792
54 55 603049
1 34 511869
10 22 385841
35 96 365837
64 77 12521
29 91 808745
46 85 746618
25 85 993486
15 18 862805
1 3 158908
9 92 775466
28 46 373561
34 63 914995
12 72 956941
33 51 333736
17 56 437958
48 48 794378
68 74 295283
70 73 410586
35 39 143019
37 91 215201
17 84 952005
65 89 277033
26 32 452448
19 79 684480
33 61 901658
4 75 345977
1 75 885723
51 99 225645
69 98 532746
3 46 830900
54 70 721172
46 50 144431
3 68 975018
88 91 852288
26 92 52161
6 25 902029
52 54 734162
57 81 201603
7 32 11226
15 69 388047
14 74 977817
23 63 578469
34 52 850709
60 71 837755
73 81 398486
17 61 134925
72 79 705962
8 20 328472
28 79 532320
39 72 987297
5 45 456847
25 81 840686
37 91 970383
53 84 866889
36 40 706172
7 92 807555
48 83 227896
67 98 975981
59 85 794471
38 51 98142
24 42 489843
13 91 931121
18 25 799048
18 90 310342
64 72 452759
74 87 504319
22 89 835221
65 77 450435
30 96 103227
2 52 504636
2 20 43526
4 5 610139
34 80 125111
34 98 936272
48 87 282706
7 59 904277
71 72 847456
17 90 749154
71 72 119919
69 73 989496
8 14 676558
52 75 825753
17 63 945684
12 45 563212
13 96 760729
79 88 379547
24 97 860089
24 37 622935
21 41 735382
14 70 880529
87 99 469972
65 96 553888
63 93 186973
33 57 983392
78 89 416669
12 79 798190
77 95 787526
55 65 364399
89 89 702155
18 92 73801
39 93 274662
12 48 491111
25 70 821972
86 91 543351
8 35 418453
15 18 546541
31 91 664944
1 39 530559
7 63 565547
72 77 729065
43 81 888149
63 70 402473
53 58 459517
32 44 212162
25 27 444986
15 53 136443
25 95 594276
33 45 272094
74 84 435415
86 99 416956
35 49 960309
70 79 677798
80 91 925219
13 62 151155
1 59 450121
11 46 161983
70 96 394452
33 74 701736
11 39 719029
50 73 395217
77 78 392738
28 45 227808
55 81 196050
22 66 633154
27 59 19523
1 61 271845
66 95 911989
44 99 405819
11 84 648302
12 47 213371
47 51 823991
3 27 765345
68 100 441756
5 62 31339
20 89 134765
41 62 941084
15 95 224641
66 94 66490
1 12 757360
40 67 556178
5 18 637846
5 66 97522
62 73 374870
13 36 789484
21 84 43474
23 41 960343
19 97 251253
47 100 649359
23 95 381995
9 22 807218
24 30 306854
35 36 787235
48 54 71769
16 83 917449
54 96 220542
36 38 701967
42 93 713426
37 88 244387
1 16 126806
5 99 461625
46 89 985102
79 90 852296
8 48 917316
3 50 974857
11 67 655875
30 65 348221
39 55 924318
47 88 670374
13 53 161129
58 64 121995
51 85 4797
64 65 100151
16 36 753719
11 81 64249
55 77 847223
36 94 762723
10 72 579746
13 81 889292
3 73 264675
31 35 240016
26 67 221732
26 53 877645
9 70 822231
50 98 464870
64 99 260466
76 81 494338
8 10 327020
31 95 322700
16 35 730883
61 81 481075
22 81 775608
8 18 590441
7 97 85775
17 67 669477
55 86 422802
60 81 387043
27 58 43532
15 53 148897
65 88 818000
66 100 34594
35 40 557042
42 83 776301
21 96 195275
41 86 343181
9 80 611576
2 56 910801
54 90 615897
36 49 53067
32 71 392660
33 54 990674
30 100 995281
53 71 712002
66 72 443005
34 52 546361
26 29 503626
10 34 359194
39 74 616683
33 93 98829
51 73 859227
33 72 7034
48 88 738069
38 87 946963
53 66 565339
2 75 280713
38 86 493553
13 65 145108
22 42 820640
22 30 682990
42 61 956534
13 79 864470
29 32 625411
34 81 843343
2 77 948828
87 88 639520
71 77 27674
38 96 104532
16 87 109786
39 74 689914
11 65 39548
45 62 986660
16 28 503398
28 61 253033
14 100 962944
16 51 183589
6 63 315768
20 43 245815
52 80 178365
95 98 354752
7 51 87878
22 39 615464
29 39 119818
9 47 341722
17 38 957063
62 77 515908
32 97 347838
12 40 955291
78 91 124468
58 63 831955
22 46 35184
77 95 981033
35 91 123905
17 60 549020
28 77 690167
27 94 425261
7 50 760616
75 80 843556
9 48 610730
36 99 686668
6 97 616605
30 62 365428
18 34 9697
7 55 189742
41 46 698393
70 91 301394
26 77 882929
7 70 538106
13 60 579795
82 95 495941
15 69 713266
26 32 503062
36 93 840193
35 75 484884
2 37 258427
27 75 104938
31 61 529243
66 92 24647
60 99 110307
38 54 571357
51 57 483351
63 96 340068
23 51 497537
65 98 1878
54 58 374189
61 68 438322
22 31 500716
1 1 767420
29 32 674964
27 75 773049
78 97 376828
23 79 94645
33 68 87745
66 70 998207
3 86 241542
37 54 787561
28 82 885358
57 63 221259
48 94 992290
59 82 699775
76 91 311056
19 71 365796
23 47 726567
25 67 995933
26 80 580638
14 99 339090
7 76 876973
11 56 671788
90 97 104400
33 86 598298
32 85 390345
2 45 278481
4 14 680348
62 79 761734
17 18 11731
70 98 74036
11 69 316090
2 49 72666
28 35 764130
41 72 326907
95 96 106529
31 74 335903
29 76 31694
52 83 874127
12 69 334023
67 99 722971
26 86 238636
58 85 503445
40 69 763235
8 32 445077
45 87 272724
4 94 124277
33 43 547181
24 92 70548
34 36 560670
53 78 860246
44 53 488988
14 60 885024
39 54 325855
1 19 788894
46 70 315750
14 84 248575
29 68 587568
25 90 611637
1 44 677890
5 66 384568
56 65 411814
40 46 613698
72 81 58344
39 75 340883
72 85 168409
36 65 139948
20 50 745935
13 50 471381
32 100 556961
31 71 899034
67 100 409517
29 81 801352
2 92 836435
45 99 799986
69 81 424377
57 62 670256
9 74 735944
35 43 25500
12 23 549868
35 87 412949
14 58 559189
7 70 779711
1 97 15418
42 86 103039
14 90 562259
60 80 969282
35 88 756956
8 99 498036
27 84 101783
48 82 739595
25 53 505481
55 99 447036
53 81 251834
20 91 204930
14 39 607159
42 90 596124
8 11 494289
46 55 678670
18 27 203230
55 80 853725
37 44 221173
50 85 997846
2 50 768564
84 85 294214
15 82 531580
11 65 787264
10 82 801137
29 98 102684
58 67 942780
18 45 158388
18 46 429195
2 90 694312
1 30 210574
81 100 443673
35 38 785018
36 90 481584
67 71 758983
60 91 144150
19 53 432884
16 43 18363
66 81 219200
42 100 116689
58 67 595569
11 17 904912
39 70 107727
70 91 482355
2 65 86311
26 82 623415
15 97 825866
38 100 278561
24 72 296206
9 48 915446
26 94 602954
10 60 851715
69 85 312156
9 60 456533
38 60 296165
69 88 680383
77 83 123849
9 57 176025
20 53 616690
3 52 818621
16 30 672267
39 46 598475
64 85 83911
32 55 944484
18 52 390106
26 87 839729
69 73 623165
38 93 334683
67 76 879853
4 76 340242
2 87 332650
54 66 255945
59 89 928378
35 72 601782
60 61 17189
50 99 86100
30 52 686392
63 86 775907
47 96 699524
79 94 485
35 64 529759
12 25 643680
1 100 101984
43 84 255136
62 84 787045
57 82 962420
31 62 756623
44 68 708399
81 90 130946
8 62 70055
35 70 75368
52 100 565880
60 75 898669
88 91 475903
23 30 740098
8 27 13729
62 86 723484
47 62 948739
4 16 699188
38 62 892754
13 64 586310
21 69 998651
2 68 452501
78 98 710130
16 87 362723
20 41 65773
32 67 605244
89 90 247911
55 96 170474
4 29 178656
59 97 32576
19 54 349273
2 72 811601
2 49 455771
80 88 826935
34 41 253935
5 51 333264
43 69 323685
9 22 230714
5 41 214928
57 70 681181
80 92 330630
38 55 356511
47 53 332579
69 69 442479
39 53 847812
95 96 39165
11 57 332494
62 82 38718
7 94 859943
28 40 588971
61 63 88249
65 79 371393
40 60 669172
50 78 472960
7 75 137035
24 76 137006
9 31 543540
31 33 46163
40 56 987499
2 30 10621
49 55 915821
71 95 167356
4 84 111231
9 35 776484
1 66 411239
9 60 282768
27 73 159023
22 54 521243
45 84 344359
7 83 142695
10 55 454818
35 83 570392
46 63 429814
11 92 657624
2 99 470463
11 23 275859
4 66 903643
44 95 162170
71 89 930284
48 71 268226
13 17 54939
57 65 118436
34 69 312722
26 99 159261
72 83 16511
1 31 453485
5 70 130326
5 26 724634
3 35 168397
17 98 626284
35 96 915039
21 72 984945
54 61 903500
61 74 776825
35 70 468822
16 28 233944
77 84 580612
6 22 175017
21 69 248416
9 78 548551
12 21 439098
35 68 336148
66 68 383781
8 77 173620
55 64 291896
18 93 266257
14 43 628044
13 51 693271
32 43 42946
2 22 250743
22 52 182076
11 89 158695
25 43 158880
39 71 945374
62 97 288155
54 58 83289
41 56 465050
21 73 52059
81 84 476369
1 4 23975
35 82 83126
83 96 842246
78 97 841349
27 94 736326
11 78 445628
51 67 577527
66 89 821726
63 79 399149
50 87 620337
24 61 90563
9 94 696514
56 58 41556
38 70 379166
7 80 169858
8 17 926105
3 81 519026
84 88 388938
4 80 750220
2 56 714442
9 48 837501
18 89 343034
68 83 495350
27 59 407100
8 99 367980
14 95 716215
34 58 212760
23 25 721685
7 10 485687
29 71 865159
44 54 983818
4 22 477758
49 71 539861
14 97 266737
26 43 465313
67 91 786396
39 71 510012
65 84 634621
34 84 701430
71 85 222614
83 98 428707
11 39 898672
52 92 209246
42 53 822229
21 76 809858
4 52 741907
6 69 117233
36 58 239614
75 78 346320
32 98 298221
48 87 599303
55 83 693497
10 50 284547
11 44 744515
21 36 593653
32 84 13101
20 52 641427
17 76 683998
6 66 723156
10 47 924097
17 87 534006
15 33 747716
12 32 711353
25 71 793755
43 54 898788
31 43 200701
64 82 71357
34 88 448995
57 89 205715
59 91 741646
47 75 523574
10 73 788416
53 99 167546
65 70 790720
76 84 334970
8 56 944793
23 58 947090
7 19 224729
47 56 987810
21 24 513620
67 84 392719
53 73 306017
53 64 575235
61 98 585178
52 77 603435
39 99 501022
21 44 897398
25 66 189456
17 82 379994
41 84 929111
47 99 851729
41 42 931741
53 96 433814
33 51 614867
40 89 175274
22 22 201194
20 45 410259
57 79 799897
73 75 198106
30 31 954204
21 55 482635
79 79 447921
46 72 267447
27 69 89499
11 60 764018
6 23 131937
2 50 336023
35 48 269774
18 33 160258
27 87 840752
16 52 85587
11 48 761179
25 50 1904
64 65 933606
18 30 771649
1 39 491371
10 85 178803
7 63 408265
23 92 72695
80 81 353571
9 55 829123
44 60 859424
5 25 401102
72 91 224875
60 72 430486
18 75 214578
24 56 615452
41 53 212969
48 55 322212
79 87 465287
50 99 866680
26 75 420294
17 26 158500
8 63 927589
11 66 679673
7 40 113063
3 91 214796
70 91 136211
41 76 763829
22 29 343092
7 92 839507
13 56 247832
11 56 478341
47 67 656531
16 22 589873
15 82 88828
49 57 47231
20 33 997485
26 90 926684
84 85 58565
58 65 494586
1 80 467943
18 85 147916
29 60 535802
44 56 165837
36 69 147177
53 100 183224
36 97 889187
69 71 630991
38 89 568986
62 84 8534
61 75 667589
15 21 564311
25 27 923232
18 66 60638
5 66 540777
14 60 867644
4 80 57892
26 27 363590
8 34 808342
28 48 792533
31 55 95755
48 97 910469
10 11 159825
19 86 946809
51 56 219645
14 28 112403
32 68 403683
49 61 69439
47 86 325600
35 87 954471
30 59 433618
23 34 352445
35 52 361244
42 78 81719
52 73 930406
52 80 272269
11 34 751321
36 81 978363
15 71 612196
31 55 736387
26 63 845179
25 34 805929
23 52 525077
19 37 957111
20 33 436396
21 32 315385
13 96 702143
50 78 386688
5 66 234833
12 91 271137
31 95 886890
77 92 168885
27 57 241811
43 70 384856
45 78 379419
21 51 719981
26 33 794135
96 100 671191
9 59 619227
66 85 42623
8 82 270212
25 30 962386
45 51 20528
26 86 845122
13 14 254147
39 91 530243
23 58 347170
77 93 289549
28 59 639161
3 7 29726
10 10 717623
8 30 144055
32 62 360590
11 15 306717
19 82 904630
20 42 913175
35 52 858089
20 78 562932
31 41 982182
19 54 893381
95 96 132464
72 91 207517
73 75 602126
18 70 552022
12 79 85132
5 83 798925
11 80 24950
16 73 786274
19 37 434082
2 95 383291
19 88 616164
7 71 407360
3 23 594393
54 79 171103
74 91 896544
60 86 485576
88 92 402842
13 70 692335
51 89 668079
67 79 398735
27 36 814218
50 83 633187
43 87 210394
30 34 440877
15 25 878290
21 98 540402
35 89 77543
26 84 210681
47 49 138518
41 48 743953
14 56 415774
22 82 456779
62 64 931776
23 26 154234
57 92 118724
1 32 355384
52 64 606069
19 36 884386
12 81 43746
45 75 973016
67 73 44574
2 73 334144
47 72 393790
2 82 934979
63 64 117216
35 55 21324
55 57 551456
7 95 769230
4 16 697634
14 68 943037
61 80 527758
86 94 879377
40 41 394701
10 52 525897
32 89 70735
85 88 880356
9 99 934598
66 69 74663
57 85 435178
54 80 135964
59 79 763573
1 6 871439
34 84 339750
61 64 234770
50 85 848129
15 42 897656
5 85 668363
36 40 786011
2 29 864144
21 93 861848
50 87 416223
55 71 462608
71 94 801291
35 77 181543
46 71 293098
30 38 798342
4 91 778007
64 81 920859
33 99 512049
49 67 790998
57 85 659548
4 11 310507
47 49 123709
58 78 372821
9 28 811776
51 54 656656
83 84 819924
49 54 668252
23 47 711916
21 84 221758
18 27 571326
76 86 703360
6 41 828101
51 68 231790
7 76 193408
22 93 449370
23 74 409523
7 92 643415
36 70 14051
29 72 309055
26 70 196188
46 79 204847
42 65 977837
15 49 613768
24 80 209065
69 80 357998
1 13 601766
38 55 212746
62 86 380735
78 96 27658
39 100 307859
28 84 505310
32 98 696646
9 21 776315
15 42 138429
31 39 222810
76 100 958245
49 57 747575
8 90 622699
25 54 496404
65 85 77186
34 46 211894
83 100 377378
31 45 592677
6 55 490053
57 67 499118
36 63 489835
11 57 960675
17 41 604501
48 70 549399
28 88 634764
5 54 347492
1 58 863833
3 57 329319
10 14 644556
9 45 850753
11 67 537784
67 95 922966
59 89 663347
64 68 487696
35 53 162520
41 76 71899
16 56 185415
76 98 417000
29 95 595105
68 99 779756
6 58 899087
41 85 513439
55 64 975546
24 69 931904
50 56 847250
41 100 367118
81 88 148618
80 81 242703
31 95 687576
26 47 374283
35 43 236535
12 88 920207
53 100 732519
13 90 554989
25 37 615465
62 63 145080
7 41 640454
36 37 148043
45 83 750535
4 24 367425
15 83 516988
22 44 242683
10 23 840184
31 54 333664
79 82 111185
63 71 645718
9 40 758114
40 88 598156
49 97 956939
64 68 466674
24 67 78382
56 86 873597
73 95 264433
73 92 790566
2 39 706048
30 64 730922
4 46 457547
66 99 883593
37 64 373698
21 100 568905
79 97 700574
77 94 576370
53 60 371610
65 85 756753
34 94 725491
64 83 752248
17 46 825710
10 70 183930
27 78 794257
55 84 327474
21 82 104102
41 41 91579
13 25 946941
55 95 575799
20 58 65065
26 95 755978
7 88 804032
19 58 310686
14 23 703709
38 41 30687
23 44 866528
42 44 690686
16 41 303019
14 17 62640
66 78 900580
29 35 324078
77 89 171000
9 60 930932
38 41 313556
7 33 347077
35 41 152172
22 64 251491
16 43 260150
1 19 397658
49 68 673325
2 44 288180
21 25 93841
38 100 155524
42 67 126692
52 75 970077
5 69 357932
33 84 722650
29 64 831222
10 88 488918
21 72 28047
36 38 48947
40 78 265163
45 62 581461
35 81 37632
40 79 899878
30 92 198154
23 85 550546
23 55 484550
41 49 860298
67 74 645401
47 79 93507
33 52 570537
26 72 707574
9 79 245472
47 63 786784
25 69 330095
56 76 989249
75 85 350918
41 96 722847