7612
60 70 424680
34 88 460898
6 89 930923
48 88 793464
3 52 904926
80 93 503381
28 53 609456
3 41 942684
69 74 129176
35 58 689972
17 45 422669
20 68 152456
90 95 1101
8 61 79110
46 60 989785
3 23 425058
64 93 440629
58 91 965587
78 83 475499
1 50 983123
52 61 159111
69 78 852577
75 89 726938
77 89 778560
38 79 220281
2 93 281335
57 93 275837
42 55 328977
26 63 215554
54 60 206557
13 46 764011
5 77 512429
30 91 135258
42 62 397081
42 57 348603
6 73 6331
93 93 392184
24 62 220594
2 41 247556
54 88 854113
34 70 542418
10 75 788207
49 93 903069
47 89 740103
63 77 450016
7 47 864536
74 82 280093
36 60 609044
13 14 34648
39 61 109043
78 79 526683
64 84 909103
14 94 682738
48 65 829447
21 69 432686
14 79 309054
61 78 942692
65 74 986395
5 73 14509
54 100 568425
69 88 9702
3 77 912823
62 99 41071
6 11 346455
88 96 591214
5 32 78305
10 43 161227
23 98 682735
51 100 810291
46 55 545824
62 77 584600
46 51 41111
51 60 205294
57 61 504252
62 98 374893
12 82 38968
64 85 656467
26 47 234618
25 83 477857
15 85 259063
31 55 815772
49 93 80611
21 95 3276
50 76 511291
10 88 151358
47 86 593022
36 54 222979
5 89 366189
87 100 790832
1 16 698320
71 75 64670
7 59 858994
36 87 340522
39 69 503970
60 91 611316
46 89 308850
34 87 636194
30 45 962938
68 84 204252
78 90 343828
26 72 453904
20 42 209375
7 64 875502
33 86 708031
1 30 298986
5 43 576665
44 92 422335
83 95 689305
80 100 905512
76 99 217390
1 53 661799
56 94 353994
6 45 377601
48 57 813989
23 66 676477
37 38 985977
2 95 867627
3 8 608517
21 21 852761
9 60 326413
18 90 955357
19 58 866006
41 97 375120
48 87 883244
50 97 712911
12 33 154206
30 96 688570
24 70 848318
17 30 605687
6 14 441188
19 39 910127
18 28 726890
77 89 189773
53 55 867632
66 77 133316
6 49 989463
32 46 150664
90 91 768455
43 75 913490
53 99 689067
56 61 234782
50 52 19954
10 96 172846
4 27 197839
4 42 902534
59 64 207671
9 10 493808
82 83 967720
44 87 410168
93 98 201822
50 56 11376
54 96 499293
14 15 650155
83 84 147309
37 69 949571
68 86 323543
31 82 187733
59 67 13291
74 89 85058
60 91 703419
7 32 366574
34 56 896287
2 87 121218
83 86 216369
18 66 218092
1 56 349393
67 82 474972
31 90 301536
39 76 877318
17 76 479239
55 79 780901
32 100 187951
45 56 440053
7 16 315208
64 92 372406
1 28 907588
12 57 523885
77 89 250011
15 77 823524
18 48 599431
21 62 419047
4 64 580040
48 93 961800
53 100 172383
76 86 638298
60 78 344917
1 69 455159
57 66 611059
41 44 278012
62 90 625737
28 63 570762
53 82 458217
1 17 609541
35 47 696427
11 55 697431
53 74 559018
1 28 912747
44 80 705859
47 58 703092
32 73 58907
17 41 903142
25 32 826007
16 60 52666
51 87 350627
67 87 556268
10 36 834798
5 52 594558
67 94 318635
18 66 947381
11 69 462288
6 12 282457
14 91 165912
15 81 455287
64 68 828610
6 52 273121
27 70 681234
68 78 197866
95 98 753230
79 83 226156
32 89 661760
27 85 528325
6 78 326904
84 96 190099
40 52 166792
51 99 757501
62 63 47432
49 49 497644
78 84 467475
5 67 109068
28 100 782150
58 73 144974
56 62 332038
15 40 927015
24 36 732984
50 62 362063
2 52 963465
83 90 96581
2 81 307622
12 79 771784
58 74 587522
40 45 250270
6 77 389013
22 36 406991
18 59 551962
14 65 758632
41 97 531598
56 96 836859
42 46 126326
58 78 753179
55 66 757015
41 97 331683
3 56 528510
62 85 821934
16 71 830776
59 80 577693
40 40 567512
33 39 928599
4 93 712310
20 96 123586
48 64 222381
46 54 408973
10 69 218330
23 83 256296
10 64 752866
48 54 468808
2 68 35627
49 89 513126
10 42 960223
52 90 332159
19 36 118318
2 13 150739
6 6 75659
31 77 381352
55 81 696236
68 86 445062
19 53 414028
67 83 888634
10 71 154283
67 94 858710
58 71 125899
22 82 123181
30 57 907570
81 96 413082
5 13 498733
7 59 954616
17 54 836169
78 94 834153
1 100 91609
33 79 215249
2 34 163062
36 68 305626
37 54 246712
8 43 429296
72 79 793792
79 93 832964
41 51 255151
22 89 428235
4 84 462894
37 89 799038
4 44 61671
58 83 735065
10 65 28616
2 43 267743
70 92 44740
22 95 38227
6 42 903828
54 96 875646
16 72 847088
41 76 52269
61 74 14425
52 72 481458
52 99 627408
36 58 30112
51 55 364062
57 62 830546
88 99 559757
12 69 82915
40 41 193515
11 93 778421
69 91 985740
82 97 398188
23 41 605510
36 60 48498
2 23 843124
63 77 884019
7 84 29878
20 40 588768
68 100 326126
67 95 535534
42 47 626114
46 70 23766
20 42 112735
5 30 349909
29 38 237298
23 50 409067
6 92 192239
17 72 184670
48 53 784460
53 71 437239
16 95 32261
89 98 705281
77 94 101783
56 77 103439
73 91 321543
12 82 389941
3 25 524891
6 19 733579
66 88 862430
57 79 575087
24 82 810782
40 48 946882
26 28 37423
44 100 826665
13 82 552615
18 82 436427
6 55 621729
23 32 383128
31 88 961533
34 48 4030
15 79 212317
85 86 658995
3 9 690088
16 95 692144
1 77 220872
57 89 141810
70 74 780718
14 74 725753
3 6 805834
19 55 245003
7 30 945366
41 99 836849
74 81 619274
13 93 972790
29 83 113895
28 95 270509
17 95 817007
34 61 182954
8 9 444073
6 17 448261
42 73 701343
26 38 814429
31 65 870434
5 27 571153
31 50 492163
34 43 280006
46 57 848025
37 89 467430
64 87 941184
19 87 253853
10 64 272533
21 61 914204
62 71 943293
64 77 608152
32 61 151454
22 39 171147
51 90 295203
53 74 694896
19 56 510778
20 37 140680
42 91 930007
8 82 441305
7 59 625200
33 62 780139
11 11 869825
14 70 457932
21 63 313736
27 58 632332
43 45 674696
14 54 647680
46 89 295752
12 65 174720
52 90 596370
11 19 273003
9 66 739255
19 99 437472
35 67 48648
34 92 868356
17 100 3548
49 68 322561
10 24 492175
4 5 468355
20 54 877567
37 51 169852
28 59 409103
12 38 663711
61 63 579237
47 74 143206
79 81 734126
8 42 417102
27 70 383064
97 98 586328
12 84 786837
50 69 972424
30 40 619676
7 13 311655
69 82 676713
57 87 565955
4 29 857978
32 35 684268
33 94 536082
18 87 739703
52 54 881464
41 74 12092
35 88 682166
22 64 125146
40 61 99805
19 41 170992
45 69 211774
71 78 70564
39 43 709744
34 37 893278
78 86 544527
36 86 321099
49 100 363513
70 89 461532
78 85 91409
5 8 174919
10 39 50750
24 75 103619
17 89 519275
64 84 402062
10 21 474886
42 65 501993
30 74 244547
12 19 83672
74 89 909081
12 66 468964
38 91 399937
21 84 456027
49 100 469948
12 15 472077
4 52 487948
56 62 480399
32 36 626680
63 70 6266
23 79 906187
59 93 770410
9 77 738388
29 73 962305
27 96 896293
49 76 707108
9 47 203797
79 91 610811
85 98 71744
44 69 389363
20 85 699716
37 39 672574
58 71 445892
39 83 889807
86 89 441063
38 41 81889
21 94 147224
7 68 226991
41 71 88966
24 97 5946
29 81 709667
26 50 651465
5 86 715494
77 98 183266
15 87 719371
36 72 488148
74 81 710544
28 67 97647
52 63 492856
78 89 631368
55 77 526730
10 89 298744
3 73 393617
74 78 608539
30 46 256732
46 47 145620
26 72 187709
44 59 475525
8 85 161291
22 41 344601
40 57 552738
25 68 347389
46 74 877344
10 58 638432
71 98 493800
38 67 53625
1 92 174498
24 33 937983
81 84 919414
35 53 355824
5 79 141270
87 98 989645
74 96 155699
78 85 50970
5 51 575237
12 17 604193
65 95 440326
5 62 294382
15 55 713013
30 33 572754
12 95 152661
30 33 577378
91 99 723117
69 72 491255
51 88 68616
40 47 200430
20 40 691253
47 83 121831
9 63 664518
9 43 686600
17 62 731858
13 78 114681
58 62 622133
25 27 456871
1 77 528334
26 40 637316
32 83 505086
64 66 373443
26 62 343341
66 80 853087
34 50 656262
43 84 599443
49 60 700984
40 55 360929
33 39 885237
37 75 520525
14 26 695348
21 24 293921
77 88 8945
80 82 734697
18 46 780139
36 78 46966
42 52 714019
39 98 201565
53 93 269921
30 81 765047
6 13 574064
30 88 82337
80 83 360991
62 75 910971
12 38 579008
76 98 167659
62 89 378155
10 11 480537
10 16 599034
15 22 997299
76 88 223116
7 67 167016
61 93 556932
43 66 788591
11 53 695561
23 81 532863
61 62 46982
70 94 873879
8 81 167786
8 44 736758
6 27 554855
7 69 604769
72 77 862069
9 55 562082
56 87 962894
28 71 919109
50 82 86129
51 96 758811
5 74 205026
39 65 742457
75 85 976614
18 39 277880
86 92 541833
38 83 82869
28 67 440218
29 46 517776
21 86 396395
14 37 818287
25 29 372628
44 85 569851
35 70 639855
41 74 545887
25 32 891483
51 69 859662
68 92 621499
25 61 538812
30 61 734647
7 21 208865
27 68 427128
1 70 134907
53 92 691245
18 92 186187
10 97 840139
57 93 752470
6 58 555783
53 60 849252
59 73 733340
60 68 423618
2 51 38793
30 92 907137
9 68 421521
41 86 719990
62 70 696380
4 14 825658
52 68 32915
38 91 51242
73 100 747942
8 14 11431
69 90 896007
44 61 118933
60 90 371918
30 67 62557
11 47 73365
10 66 639021
9 78 419387
31 64 703604
17 59 591588
21 100 376361
59 74 151349
28 90 675716
8 72 785114
5 15 314881
14 74 824130
5 69 472226
62 70 930399
37 56 758060
39 86 345449
59 100 982759
7 12 745754
89 100 197024
61 76 215474
37 89 632104
18 65 810994
37 89 671828
8 90 617251
6 96 831293
10 85 948238
15 40 356992
2 96 731779
12 59 750590
62 78 953108
20 57 735515
89 100 170457
34 43 512576
76 94 161196
60 70 620251
95 97 430508
27 54 261148
2 88 276733
81 96 267768
13 74 740100
50 84 630823
23 74 537006
14 29 22568
93 97 240679
11 41 389434
59 71 128293
76 90 819170
23 34 800285
11 84 313066
38 85 729162
57 75 276959
23 72 353323
15 53 536784
11 59 409796
2 42 464787
3 94 567770
44 46 775042
5 51 315962
49 63 842424
7 96 251633
11 88 143126
36 60 95634
65 67 454402
30 87 346869
83 100 319653
9 86 497012
20 63 228139
66 96 181167
53 68 350084
36 74 698183
51 93 353191
64 64 723045
75 97 748492
99 100 477298
12 76 142576
44 61 679326
2 82 289555
13 26 785691
17 40 392762
53 77 916769
17 57 652399
22 68 680171
39 75 673855
22 68 522678
3 31 769657
29 65 457671
21 27 14963
33 62 592483
56 74 266887
29 66 164119
27 54 349904
56 87 408112
41 50 782703
3 30 909185
93 94 296843
23 57 429282
56 62 561034
2 69 350701
11 51 160091
30 81 295042
17 34 516078
47 80 521987
55 94 742648
93 99 999766
27 97 500786
52 95 819943
28 67 864216
69 94 571237
20 90 467244
5 47 75587
4 35 539699
20 58 658935
79 96 923701
31 71 208956
23 23 627520
15 89 470226
73 99 819171
60 77 247867
68 82 238452
57 87 735805
90 100 964877
45 58 563236
15 31 377417
25 40 658304
76 87 448778
17 87 947681
29 89 912436
16 64 840608
23 36 111729
67 74 332376
63 88 380076
54 60 906790
21 78 489496
24 47 356847
34 58 561257
7 74 333336
80 98 795544
25 80 433102
6 51 950498
2 35 648062
4 64 878023
55 58 43676
63 75 135117
48 59 450974
58 99 454204
37 80 721919
7 93 159074
28 44 683135
53 76 61710
16 86 520095
84 89 679703
33 85 816872
38 76 49940
17 74 944291
73 91 428515
27 95 868961
27 73 475429
4 22 93170
74 81 6974
66 96 498223
8 99 726680
71 98 713203
31 62 821919
42 69 69019
89 100 129028
4 77 821068
2 11 652668
35 80 518316
38 44 895872
21 28 909157
76 96 67597
36 62 429607
44 86 334243
32 43 500901
7 88 126472
9 50 918037
19 47 523332
19 62 886451
24 79 239396
39 91 279612
29 99 831354
64 65 738229
6 90 907866
52 58 203940
38 48 244252
12 96 996691
51 93 540766
6 70 859218
63 96 964545
50 83 528052
54 87 149482
10 49 106511
7 49 506432
41 89 77375
60 81 206194
17 32 472546
15 41 842608
18 63 345690
21 30 44976
27 53 381904
13 99 232809
63 88 640878
86 87 41368
18 28 735010
21 65 242368
13 90 693984
3 88 92452
49 83 581278
28 36 200205
15 56 576407
6 86 494920
35 87 562379
14 34 374887
6 35 922300
55 60 871614
11 60 714673
4 30 715237
20 51 218420
11 23 702651
54 90 214613
58 59 291166
45 73 548135
42 75 497846
40 41 10433
19 21 215274
58 80 115452
20 28 529767
13 29 910393
31 67 949214
38 81 807194
16 48 654276
8 40 662597
69 95 21714
69 91 454183
33 87 634821
11 84 133357
9 63 663325
33 45 320267
22 43 827488
6 62 541303
2 22 366807
12 100 306157
70 79 236429
35 56 286251
52 63 318677
50 94 762868
32 42 977667
39 76 774735
60 98 94767
3 89 782342
7 83 796152
11 56 689897
20 96 105085
29 61 721163
14 58 775459
48 62 68739
18 100 686100
20 59 727210
53 64 216764
87 90 702945
3 74 308940
30 96 669386
27 100 687610
13 99 243724
66 68 580221
2 43 942801
4 81 94675
5 66 863050
26 78 78652
33 77 199016
30 82 851454
6 11 738722
1 66 835298
56 62 465780
24 74 194291
9 66 576348
16 40 763268
27 94 151389
9 32 77801
47 94 669053
12 54 259323
28 64 862793
43 77 794710
46 57 780430
61 64 419228
14 41 931808
34 98 323314
32 44 600470
45 48 715967
70 73 754953
16 75 989363
49 52 72410
14 21 780476
41 79 202283
13 27 326032
7 80 460643
72 94 865384
28 49 789101
18 90 353409
60 91 767799
38 41 758364
3 82 382837
15 30 378365
71 86 162014
38 98 94190
21 46 36907
15 78 42682
40 69 340573
23 76 50932
51 52 882422
1 34 96240
41 93 935293
38 64 978823
33 67 907197
64 69 25557
17 28 346308
44 84 19964
6 88 119334
3 100 244641
54 55 303162
34 76 872684
33 35 422042
34 82 13514
45 63 31717
8 35 909676
34 82 548670
6 40 380424
2 86 737676
1 27 188117
1 27 513081
81 96 575697
35 87 698166
55 68 440829
55 97 981748
61 75 422429
29 45 597482
11 87 284922
52 73 942548
10 65 962786
17 43 341936
1 38 51237
38 55 179329
67 68 391768
52 59 102798
12 97 501204
56 95 792098
31 67 66037
11 85 384139
4 30 992734
19 37 908829
19 64 284721
11 92 730735
14 100 814169
34 74 950555
53 70 26435
4 77 204736
84 100 159070
41 97 397761
30 97 428128
3 76 361157
31 37 972611
46 86 676855
17 95 484994
4 32 731333
28 89 928799
62 69 726051
64 74 115742
18 92 33544
9 21 613192
34 92 315886
82 97 387051
6 92 608532
44 51 453527
39 93 376317
78 95 291553
42 89 231216
8 35 111522
12 88 948472
3 28 605303
48 51 374179
48 56 414784
35 48 185030
11 34 795427
23 36 523509
25 59 278728
39 74 635021
25 87 373148
15 37 678188
7 29 607249
5 97 810613
33 93 87322
32 68 286735
2 19 126769
2 63 807269
35 74 706388
29 54 235558
1 84 33153
74 85 337796
12 93 51968
91 99 652727
37 96 850263
49 76 10104
51 89 336661
16 94 161609
43 80 825610
43 97 566954
17 48 833291
43 90 277603
46 79 330993
17 63 34303
9 23 906521
18 81 933452
8 78 491875
20 84 936223
19 87 653173
74 88 437516
56 87 658039
50 83 375152
32 81 984662
49 87 496553
67 67 822020
78 81 711322
34 65 95157
38 73 899051
71 78 338593
38 48 829893
5 80 332166
21 67 980759
71 88 743653
15 63 547349
14 37 994050
88 98 854646
25 61 976423
43 54 108084
6 54 984608
40 63 996494
58 79 310142
62 69 448839
41 42 4118
3 22 488487
35 88 858369
34 99 337143
29 64 530588
52 85 527046
33 97 615431
70 98 238441
36 56 295912
9 45 282420
75 89 53799
73 81 62404
11 27 527154
6 69 689336
10 24 123705
56 83 580273
4 54 150448
65 66 88215
19 28 66386
6 94 248277
40 74 21594
48 67 60570
78 97 6538
53 93 399128
16 54 978342
81 98 812295
38 54 705528
11 57 793569
57 92 755084
76 87 450021
57 98 234483
32 80 567702
71 91 777474
77 85 980924
33 88 44306
6 57 280032
12 43 336128
17 45 77905
68 86 645549
61 96 104740
21 83 938941
2 32 975533
43 53 91225
52 98 250761
26 27 295022
1 78 396631
18 54 854702
21 40 164088
39 100 717133
5 22 449300
54 61 927107
17 62 333590
45 56 585551
15 81 986797
87 91 383920
4 61 438924
43 88 784299
38 85 232616
44 100 848522
24 36 561854
72 73 717273
32 81 356301
47 78 746985
7 40 387478
46 67 270159
13 26 670881
71 100 877157
37 95 472826
52 95 507013
18 70 99181
17 49 828819
72 97 330960
32 43 345266
23 63 907064
21 92 283275
7 36 572160
34 88 978956
39 59 962183
33 99 955557
65 68 168432
59 71 897034
17 35 146979
25 28 142838
36 90 82569
29 73 446884
37 43 587922
20 94 912214
45 76 509168
67 88 721489
1 47 748955
19 40 192989
49 78 434253
31 60 584967
26 70 276229
68 98 950816
40 55 880263
13 31 946237
1 16 643864
11 70 764856
69 74 798980
15 94 522092
20 72 62874
7 76 870970
28 46 984813
48 55 833928
25 99 912467
60 61 633471
74 78 621671
14 55 18250
1 9 592840
45 68 785052
1 54 953434
64 67 629481
57 69 524866
60 85 121450
23 43 209068
10 27 569499
34 35 157191
6 39 426814
10 100 219846
20 44 796056
30 82 196767
31 72 355825
62 97 116365
17 77 548822
13 21 892239
58 75 696472
2 60 348713
2 5 229773
15 18 467552
63 68 881676
25 88 899904
1 56 531123
44 87 529880
25 97 461346
52 73 442683
61 92 424895
89 100 312127
62 97 559283
69 80 225215
60 97 570794
28 85 647514
12 65 33877
7 31 328564
10 40 605096
51 80 224498
17 50 423774
71 93 55425
14 40 395443
30 82 281358
57 80 439463
30 65 898188
25 82 164544
25 68 395123
81 89 953990
53 77 404157
25 76 355526
61 84 362154
48 97 882321
70 93 886523
3 43 714557
8 98 777977
48 53 666849
47 97 667117
56 79 877723
48 71 521447
1 35 606092
58 80 265594
68 70 509592
15 80 124604
64 94 523240
19 58 516040
7 13 4842
14 89 945214
32 99 85198
86 94 550015
76 98 254985
57 70 451572
40 60 691348
47 49 966662
3 66 7467
30 31 713957
10 73 673553
40 69 289604
27 29 211592
58 71 952729
7 52 581083
41 98 34591
15 89 508567
49 98 77526
22 42 813707
24 94 240255
2 74 98062
71 79 271267
35 91 649911
55 86 702411
29 63 170596
73 99 154503
65 66 276022
47 98 287530
25 91 786961
17 55 436746
22 25 79327
7 95 354178
9 75 784204
15 98 38514
50 56 249993
45 63 524412
28 37 278027
62 81 945862
87 99 187211
81 93 905277
3 39 775109
44 84 976206
1 86 101179
49 77 915308
67 73 238578
23 95 382607
35 58 371698
24 57 609650
47 94 29257
56 63 99218
70 95 397190
1 38 179956
15 29 360512
37 43 226782
23 66 794702
27 36 236122
27 62 519822
15 53 345016
55 69 936289
63 71 804363
9 100 84203
43 95 437801
69 82 166934
20 94 744557
19 84 226702
44 70 118199
22 54 903300
28 66 169001
13 37 710445
6 16 8809
39 51 230338
34 76 563300
25 40 274368
35 43 999303
37 73 444391
22 66 538310
19 59 396413
82 100 117271
71 74 530250
39 79 513973
25 56 180636
1 19 229920
26 74 144386
27 55 581978
18 80 273235
29 44 164650
43 43 662054
13 40 465690
5 93 599642
7 44 404026
10 25 106829
73 81 368797
30 33 663015
33 66 366297
35 98 234767
17 66 601866
1 54 354866
45 47 906253
69 79 67713
20 74 510727
14 31 178737
20 20 419742
40 40 469243
21 28 201084
2 41 832476
3 14 95378
78 100 602964
69 100 888912
24 49 698281
30 57 829616
43 85 21987
31 49 435434
52 67 449744
67 77 869311
87 89 675007
45 73 46897
79 94 847879
28 35 428358
17 61 748735
16 40 590027
31 72 502342
39 96 416845
63 66 695547
4 43 373600
44 95 705859
42 99 89114
36 52 875272
21 74 818903
94 96 188662
34 39 439093
84 85 59646
22 41 184086
44 46 928213
42 84 255971
6 66 612212
72 92 897222
49 57 696088
58 76 856749
32 60 266114
52 59 592268
2 20 348406
74 77 540889
18 83 246525
28 45 227216
52 54 874341
6 96 804975
62 86 362749
21 36 490744
74 78 57884
48 74 627956
35 75 534938
52 77 395373
19 33 604371
49 84 484081
17 98 562409
18 48 498644
20 46 692992
51 94 668460
30 71 336386
37 71 254357
24 27 715163
67 100 326701
3 38 643517
42 85 96983
43 62 496539
13 98 561978
1 69 541167
20 50 849216
6 17 990326
25 52 780186
37 39 407344
34 77 983736
6 88 611299
32 88 320084
1 2 466968
54 73 416166
26 94 64411
18 43 661999
9 47 784828
44 66 893745
42 77 237394
78 82 227379
7 95 961333
7 61 297856
23 27 401089
11 23 837286
32 69 597656
21 75 47865
36 78 943583
9 55 543631
38 83 8254
22 70 154948
13 93 231586
18 42 118
3 100 419772
39 95 793928
31 59 887170
83 87 915041
49 69 535595
26 33 964972
28 46 599797
16 94 926487
47 91 200800
31 58 744534
25 42 474034
30 97 970079
18 41 137652
57 79 485230
15 16 571313
61 66 24641
33 53 462588
5 44 583259
44 90 891305
43 85 149571
11 75 321105
19 31 228484
61 77 841296
42 82 980012
74 87 1416
27 88 864975
34 66 389982
24 32 380740
7 63 307002
12 29 153956
4 66 119881
6 45 385040
27 60 490301
32 77 884906
81 100 315401
7 16 570073
6 62 995175
28 33 571720
52 71 334036
28 90 534054
46 92 995793
48 93 678629
79 99 837666
31 86 220924
66 100 466961
41 54 653799
83 90 174441
6 70 293796
35 69 900861
38 63 475254
22 87 379553
25 57 997668
25 93 773422
27 77 15993
29 51 429889
10 54 956739
74 95 841402
54 63 728022
33 96 882750
92 95 748809
53 77 842615
17 23 119606
25 91 192146
18 94 564220
82 87 261694
8 75 365374
30 48 914482
23 43 716323
88 92 68197
7 93 585557
15 99 980693
69 86 366085
26 67 758723
20 36 733476
50 85 51315
10 94 714282
6 68 909231
65 90 299600
37 56 161538
35 74 304920
13 17 981567
2 26 186690
17 25 36346
65 65 387222
55 67 476172
29 60 624223
19 29 839762
3 15 281899
55 86 678508
42 62 689742
35 68 805184
34 61 320799
68 72 304438
3 23 805432
76 97 927547
15 19 955064
57 72 159425
10 80 942210
25 31 92283
68 95 608637
11 27 196708
3 4 921172
36 91 883447
27 98 942453
37 76 605302
16 80 446805
7 36 565157
34 84 818280
48 89 446093
84 98 926187
61 85 583868
16 65 601244
28 67 807874
71 83 77566
70 77 955316
41 43 502041
3 87 924715
6 90 32053
75 83 786116
52 78 79204
13 81 389215
43 90 901111
37 50 969442
75 90 441670
75 100 149429
9 24 224427
18 58 338950
37 38 602053
10 64 760772
19 85 748791
5 8 126950
63 74 268264
15 39 666915
6 53 318403
36 38 45753
66 81 776183
5 74 444649
34 69 144502
12 33 818616
47 54 190840
6 60 121965
11 15 675127
27 58 995479
22 32 3122
33 77 649734
76 100 87276
63 89 85327
94 94 505580
27 99 890251
65 68 568125
1 38 683735
27 41 684142
51 54 799444
77 84 574737
23 79 831269
76 86 574014
48 68 98422
21 30 437583
73 79 536497
34 92 42787
41 85 931401
8 61 96029
46 58 628465
17 42 779365
24 92 15204
47 65 328612
45 54 214365
21 97 694537
9 23 804958
75 96 17225
10 74 791787
89 90 463896
27 57 698702
50 71 567475
23 77 659411
64 98 466265
49 66 132299
39 78 987019
7 50 485900
48 58 73297
64 97 571629
86 95 615734
33 99 900811
11 85 973129
3 67 245897
82 96 256412
9 37 321802
42 94 86023
46 70 149367
34 41 974244
34 85 298174
18 72 159314
47 61 289550
59 83 335669
48 85 4702
36 46 477426
74 74 358438
70 90 360949
1 17 588066
5 10 330797
1 21 480596
5 44 117644
77 100 238336
34 76 546634
43 73 835440
60 93 889697
16 43 321008
83 93 584336
60 65 268497
25 99 877275
1 45 66217
82 91 960199
23 31 996943
63 87 864
79 82 869793
12 67 151861
38 68 586047
25 64 547928
4 77 745039
74 91 829537
1 29 55865
2 87 385834
58 82 249195
17 32 464595
6 78 339989
23 47 632573
7 53 203244
43 83 174608
44 93 372200
48 99 662136
41 83 162184
3 40 20385
36 82 589899
9 60 628225
59 85 552374
20 84 273293
10 93 963283
38 46 259968
9 60 573934
60 63 329369
26 60 982616
57 59 384540
1 65 894055
19 84 16718
19 66 669746
69 87 495995
20 87 706327
26 41 562674
6 33 229046
53 94 718021
11 74 217845
5 42 114188
37 52 960573
25 59 930
20 55 468153
46 80 529124
43 90 474204
27 84 306998
6 91 720666
4 65 244672
9 56 438508
36 71 872299
21 90 168334
22 61 549735
40 65 80322
90 98 762854
10 56 83021
29 98 149920
13 83 87095
53 72 560271
26 75 487245
19 34 512371
56 65 52832
49 78 722637
7 77 942790
43 97 770982
44 87 185046
21 40 983175
9 58 852334
20 65 42368
58 88 566383
59 95 394275
8 27 970493
8 96 832712
21 45 995649
9 17 952714
41 70 877865
14 95 57158
6 58 91941
6 53 257377
28 44 45482
69 90 741632
50 69 844912
34 98 464847
64 80 126454
9 50 617597
12 89 634363
8 56 485437
9 44 754629
15 58 719749
62 68 735004
2 97 313104
42 64 533005
58 95 80734
4 57 39977
24 84 985264
31 45 732422
59 75 309711
4 81 393275
16 49 371524
30 91 747046
5 93 594399
60 72 892584
2 37 233331
70 90 57061
8 22 287766
19 19 964935
29 84 777635
11 62 136377
87 94 328249
36 62 303214
48 82 21372
31 74 182554
93 100 565201
8 87 241142
27 62 306661
11 40 888383
77 79 727461
51 64 852469
51 64 825348
32 67 669022
50 66 681594
2 88 702850
6 74 13890
19 95 401902
11 15 716953
81 84 142899
39 60 587140
69 93 284071
3 66 911113
44 51 508385
54 80 962482
19 74 757503
86 98 610319
60 78 405154
18 93 62387
38 93 93166
41 53 241204
46 93 276429
43 88 464109
43 87 924651
64 100 460542
19 91 828729
2 71 192520
53 83 71212
20 54 235316
7 22 985853
53 98 692331
29 35 304616
25 46 408861
18 37 489584
15 72 205629
72 90 209431
8 42 645505
33 52 880745
86 96 586852
68 83 275056
45 49 530982
3 78 171134
20 99 888329
9 29 650537
85 90 958483
38 67 971080
40 89 818193
48 68 195834
32 36 111376
6 78 44701
45 79 128228
18 92 955097
18 19 707299
22 57 796948
57 73 436392
41 52 546813
2 42 965779
41 67 77700
7 56 935622
15 81 724446
17 24 934375
19 42 850372
31 96 377955
79 88 718835
56 65 464423
47 50 172011
9 96 341415
65 83 686770
62 66 654617
33 36 355472
4 87 810104
41 90 326675
64 68 292868
44 91 430026
26 61 54847
50 53 174092
92 95 560431
39 88 631729
83 86 369825
31 77 105237
71 78 819618
37 38 518234
74 89 113158
17 32 373220
10 63 681379
55 94 297757
17 19 916564
18 52 708465
17 94 307897
20 44 376145
57 69 788404
73 86 856178
66 76 989612
72 87 911885
54 95 309707
2 94 135839
3 52 221377
18 95 870632
9 76 938369
23 32 564974
2 16 360001
61 83 340921
35 47 148861
30 43 231063
23 64 821619
24 45 502423
81 87 195365
35 41 377296
16 97 262876
57 76 472026
25 84 791586
14 80 605265
6 96 634757
28 92 579351
5 39 279001
7 62 554512
18 18 102836
20 56 968230
58 93 481906
28 28 189061
2 73 758064
4 62 471966
68 84 12435
68 80 745831
85 88 937409
65 70 570135
93 96 355876
37 82 236843
24 41 643693
79 85 486374
15 68 452301
26 34 236811
18 19 88827
8 65 421283
18 72 203635
22 82 927548
1 56 880242
64 79 587110
26 88 742461
29 32 900341
17 85 884826
56 58 148548
53 81 596564
71 87 528686
7 45 206457
5 55 530709
24 39 41821
2 82 889182
43 57 550230
26 91 54961
38 47 918720
4 73 847419
12 47 369081
33 52 577773
33 72 428195
7 88 243964
45 65 613223
49 68 692001
6 9 907951
69 79 212441
46 90 35369
20 48 934053
32 80 445321
38 97 875209
16 75 134406
16 59 78094
87 98 237465
27 42 445442
7 89 569347
26 26 697141
66 93 192710
24 73 804091
49 66 398441
63 98 771247
38 83 321015
44 48 3308
39 97 401598
14 87 457748
61 76 342162
91 97 826060
50 89 834377
30 35 46460
41 59 643071
6 53 744273
29 47 25490
51 64 691516
20 70 909413
19 69 630003
21 32 723999
4 93 846509
19 37 51306
6 18 615272
20 25 108983
32 90 912356
29 97 662839
18 75 904424
48 54 35553
8 39 234298
9 44 932849
18 72 418153
70 96 442917
87 88 417989
31 67 977280
14 25 239522
6 13 50249
78 84 78683
8 42 606474
1 31 64076
60 71 782420
27 29 131733
14 42 167224
42 92 579035
72 95 79181
52 95 689352
5 89 79151
27 97 545801
64 86 665212
34 77 525837
66 100 631703
15 16 665610
19 43 901735
51 57 393786
1 72 629655
25 44 902424
40 61 490901
9 29 506917
32 59 552341
15 54 191399
74 78 368270
32 69 661223
5 59 744122
38 61 817777
22 80 568663
4 12 3222
61 97 133803
3 48 508010
81 92 376698
9 100 735496
15 86 393551
12 23 337420
23 88 530043
17 20 750166
16 33 812879
11 24 508108
21 60 113122
12 89 616918
65 92 546128
77 85 893409
8 63 92407
35 70 353246
12 51 453754
14 18 598851
6 7 417728
77 99 200647
17 92 251700
15 77 786472
61 80 742021
28 53 309927
43 82 797541
1 85 596104
57 66 677067
51 64 911445
6 22 443827
65 73 866330
20 95 911835
4 62 546408
12 65 295494
44 97 99412
14 71 83451
36 98 37558
2 16 468613
79 87 981229
84 93 11315
63 70 398488
40 61 823575
18 31 149533
33 85 650121
40 67 672932
79 85 177250
53 58 1050
60 65 191555
34 79 853553
23 24 395535
85 90 173724
44 53 309547
2 28 521942
19 77 292547
67 70 934746
15 46 697797
14 47 270314
36 66 79653
56 93 316106
33 36 226266
26 71 384708
3 100 930398
5 55 706660
9 98 122096
54 57 633019
18 84 547859
32 69 186590
7 44 23630
8 46 594918
15 62 198444
8 49 434799
26 99 135484
7 23 968219
30 92 342096
59 94 725583
67 73 945088
4 23 159923
18 97 355814
8 10 947253
3 91 352929
56 86 266564
49 73 301972
15 85 840343
31 58 750182
10 88 691941
62 69 870402
36 44 100845
78 84 717015
67 73 230317
26 69 64727
8 54 98029
78 82 115130
22 87 271604
19 61 354746
3 65 67727
28 89 800022
14 100 468879
29 72 394449
49 77 121417
50 57 401650
18 92 386518
89 93 903556
75 77 90898
66 70 600086
90 99 197792
53 72 467642
41 95 96099
27 54 123016
31 45 227652
5 100 836698
27 44 936432
70 86 411919
23 98 411289
15 86 514058
60 90 223859
8 14 994418
1 55 918902
60 97 852210
27 38 475360
66 95 232057
56 76 388850
36 96 94969
32 38 301937
20 38 228202
68 92 172708
19 59 276486
13 29 696154
20 92 530956
39 71 333284
3 94 728064
23 88 609557
31 62 875367
16 82 683591
73 96 434381
11 40 372503
69 94 755585
1 2 784741
23 32 431957
8 25 369943
17 42 591841
3 13 243029
49 95 785855
75 98 6221
95 99 276430
52 99 42670
49 86 982001
36 43 352367
18 22 6160
33 43 801992
30 40 558292
23 53 772213
35 44 376237
10 96 911928
7 79 94797
44 71 439509
39 90 957036
18 46 148822
24 59 152644
40 49 662407
41 65 860820
81 88 988026
35 50 68576
41 99 696898
54 67 781549
24 70 571641
68 75 666119
19 32 251708
55 70 317181
14 23 161515
51 79 328481
71 75 995820
12 67 687051
56 69 760040
27 47 989717
47 54 774794
72 80 587934
75 76 575429
29 74 604106
59 95 771661
3 58 790334
24 86 242266
24 28 410342
76 89 438891
33 88 670769
61 85 400063
51 55 553938
19 63 354459
47 48 523646
42 69 834633
22 43 84979
24 94 920789
39 99 228845
49 57 824529
79 99 720048
64 93 604112
28 42 824644
20 70 539052
33 89 450482
56 85 604930
10 84 885514
40 99 663539
11 16 7838
75 84 307939
41 81 759110
8 53 104635
9 60 597916
15 21 857833
38 95 214592
46 99 344989
71 73 184403
63 68 871947
31 78 754685
36 74 243246
70 85 833898
10 30 948801
35 83 199815
27 41 382727
32 41 765511
83 93 2498
6 23 691170
42 86 620285
57 61 11602
38 97 8964
9 63 663255
20 25 905065
28 48 742002
25 73 909887
43 47 139180
54 72 89440
26 72 945486
29 88 532713
37 91 167464
3 79 512955
54 69 933900
25 96 141754
34 80 232274
62 92 960591
21 78 59284
84 85 978664
74 93 104050
45 48 348021
46 71 766093
38 88 272747
12 85 976654
13 83 890371
38 96 365278
54 92 168889
27 83 33709
78 98 581967
15 34 992622
29 83 662986
1 42 12183
11 91 503730
81 99 342947
8 12 206356
63 93 790353
46 59 652546
46 63 599717
11 67 390927
6 59 745124
27 86 163413
20 33 236443
24 31 386801
25 87 521815
89 90 117572
11 37 15851
18 36 268466
61 76 974831
26 96 774053
61 85 885502
44 79 834889
89 95 961845
29 82 64847
13 73 218681
49 90 742635
33 43 944559
1 87 124248
23 67 798980
54 71 957778
43 44 393317
76 95 905689
61 79 320773
38 79 41651
76 78 911068
21 89 963944
10 79 250661
20 23 314373
40 50 485341
45 91 668764
33 91 716041
25 87 102592
68 73 227886
32 54 491211
62 77 480025
60 71 631195
63 84 784023
19 24 699534
46 65 224507
12 32 668428
56 85 740253
61 71 816315
21 31 864280
13 67 407946
42 93 809417
22 72 161513
37 53 665941
53 77 593869
75 86 492578
22 76 908847
53 87 680794
71 71 466572
18 57 695981
28 59 938020
16 75 310734
86 94 393405
8 92 480051
8 72 79583
44 96 474519
38 60 483927
43 46 849978
21 76 853495
55 65 184733
15 29 346322
69 73 205769
49 100 215747
28 66 746568
16 98 302117
33 74 579176
7 41 230874
58 75 322940
80 88 765830
27 89 291612
18 84 753427
17 86 604259
3 60 96301
43 56 796271
36 100 489797
14 46 250722
5 90 32080
55 73 238949
28 93 998983
13 87 514273
29 68 973350
4 99 590023
10 23 685104
1 41 579527
7 62 4455
14 85 748634
5 65 901911
43 89 485307
9 72 485002
13 46 57256
55 100 952019
45 66 35107
37 69 909573
10 52 480117
4 14 516667
8 99 64167
45 96 155792
12 77 589706
91 92 216486
24 72 623214
50 65 692641
54 78 609197
19 25 396267
57 88 666399
6 58 1840
3 19 419109
23 85 173537
31 36 1121
14 60 481587
1 40 930361
25 70 495199
15 91 95258
2 12 127714
6 100 379505
49 88 819964
23 99 600498
36 61 315507
23 54 511251
66 70 920784
76 79 241360
55 59 128478
57 89 853798
34 35 236912
56 92 787162
7 95 87065
16 20 516018
31 50 166644
43 99 541560
68 92 654812
28 80 795965
17 47 523251
15 39 482833
1 79 430494
52 86 140494
65 79 975108
27 97 386060
1 65 306900
67 96 278508
91 95 807679
54 92 767696
18 96 34744
84 92 22495
48 51 627769
58 64 193603
65 88 120447
69 95 156716
29 50 645130
7 94 715917
12 30 540448
10 38 853405
40 60 873289
68 71 350037
44 62 468307
46 62 124214
7 56 267662
35 60 848706
10 89 592462
55 85 262528
25 54 402862
14 73 846138
7 8 384649
54 81 750529
32 60 544001
3 70 20005
69 80 782075
16 67 52864
48 93 986591
26 91 873322
40 58 265114
1 97 459908
24 58 379485
21 100 89264
3 70 786397
11 77 923221
30 71 87315
31 66 862046
25 73 946748
20 71 886841
74 90 867801
15 82 519578
12 53 940974
52 82 432887
4 63 466500
2 16 243852
31 65 169321
44 80 210903
71 92 532845
60 92 313435
28 47 11429
10 92 932063
25 60 907625
51 79 70253
60 70 826776
51 60 272534
5 99 330065
40 74 780523
45 81 921657
40 65 599939
33 40 652858
45 77 74426
29 60 187264
7 11 856109
17 74 765181
10 73 637569
11 35 827684
60 60 790364
7 26 951087
52 88 307625
27 98 595163
11 74 992918
58 65 652585
4 27 314071
29 94 289693
34 87 777955
8 91 575552
33 81 637940
60 91 994528
14 43 585928
31 88 352845
34 65 814628
49 60 26268
17 45 409294
1 30 80741
50 61 153105
81 81 991751
39 58 786300
16 20 613089
90 100 976993
42 71 957913
76 86 857559
10 44 623575
83 88 214074
19 95 643848
42 83 832616
56 90 831773
23 72 693316
52 57 681100
18 51 668469
8 35 546380
54 84 792037
20 42 950299
13 62 318533
72 75 440185
1 39 296902
78 80 476717
30 45 103711
37 45 157373
73 80 971660
15 98 109944
2 79 165259
2 9 545390
3 25 663199
70 90 785396
21 99 52879
63 66 321826
22 80 673446
20 92 587799
22 40 747379
68 98 324146
5 42 865544
23 73 959897
44 52 945276
18 36 581108
53 86 940523
18 87 74096
26 59 459955
56 60 834175
82 82 654839
36 58 842004
39 100 417630
13 90 674537
50 77 208083
63 66 15675
6 38 110340
1 68 832395
23 86 563110
9 23 523357
94 96 51629
23 47 360379
6 8 708950
3 49 188593
15 72 567199
3 71 743696
56 58 339339
5 10 601005
34 66 900513
69 70 249121
7 48 312300
7 93 85768
57 71 821947
4 16 9092
32 77 449824
2 53 207034
32 93 3314
61 94 182098
34 46 484173
28 61 458298
1 55 427407
1 63 43553
10 99 752475
41 88 259198
57 84 437400
36 49 27592
38 38 607153
19 20 223741
12 28 105493
4 49 446174
19 43 510966
28 55 933103
40 60 294732
11 90 238586
20 56 757585
6 21 1611
32 70 142276
15 64 260083
1 38 606184
8 66 703367
20 50 827268
81 92 486432
14 48 574563
36 51 717274
85 95 135060
56 62 179672
33 42 774185
29 70 260285
28 55 899897
41 74 85682
93 95 430432
66 98 260452
15 53 239740
27 35 930629
24 62 443185
33 61 41480
27 61 764132
16 97 576232
25 71 301441
24 26 893600
18 47 342966
55 100 245426
16 84 798392
16 88 825442
49 51 232635
11 26 820090
35 62 969468
27 55 450054
19 21 620729
3 31 364439
39 99 153078
37 52 217602
15 66 853048
61 65 918304
61 94 335243
1 49 324558
58 96 490750
56 65 985516
7 87 892707
31 87 606816
5 98 195921
19 62 553618
24 85 501412
8 24 453808
21 23 571323
20 34 33129
10 20 319351
21 39 226356
10 14 555712
73 86 302088
25 98 424193
26 81 441252
15 30 938281
5 91 565574
35 70 132394
69 94 816118
22 26 427580
75 96 923963
22 24 275737
17 98 333986
65 83 741056
2 20 359420
5 97 251124
38 82 365726
2 38 734077
27 70 57825
33 81 599332
64 93 16354
31 84 206712
48 86 44865
70 93 180430
38 84 58724
36 70 363387
28 99 542899
29 44 476506
19 92 89884
1 28 764362
10 61 911887
11 17 531950
63 78 720448
5 86 969965
64 91 733226
37 50 722163
30 73 39688
14 31 567084
35 75 798108
13 34 975566
36 73 974059
41 43 36045
14 67 635645
60 83 182503
28 31 966879
14 71 749912
7 50 960226
8 13 849252
1 77 419099
45 91 182867
37 65 5539
61 62 532782
7 29 645911
36 40 481860
13 80 491032
2 5 681962
51 73 410569
75 79 390837
31 46 137686
4 58 4096
62 85 834601
33 90 735082
43 96 926965
6 9 115927
38 49 344174
53 88 776940
39 87 317197
35 49 190613
62 78 234702
33 47 747969
28 34 835827
33 59 34914
3 26 111489
5 100 886704
45 58 257855
33 89 256293
20 61 610493
25 88 893953
44 62 517449
58 68 449669
10 48 341497
5 53 309497
13 44 878310
54 77 711657
59 88 780845
50 74 909793
32 67 521519
21 95 941751
43 82 683536
57 92 580928
78 99 4025
21 73 226967
27 39 508504
12 76 311963
13 68 315485
15 15 763312
22 74 76413
10 89 652027
87 95 874416
35 66 472424
4 83 434165
6 52 753446
14 30 350347
32 50 759272
27 51 184183
58 75 514468
30 61 12675
2 92 947157
46 90 648124
27 63 806522
6 74 728561
78 80 430103
19 77 896056
6 39 965745
77 97 771114
96 100 109204
57 66 14948
50 81 50063
53 53 52359
53 82 30133
56 96 91575
44 77 341532
23 23 566174
8 95 367263
26 41 453735
47 95 295006
44 61 478405
25 96 364218
72 87 696684
41 75 243676
96 96 569557
70 77 942637
29 67 891580
8 53 134941
19 53 711204
59 95 7326
20 81 986575
6 100 917352
78 84 98888
12 93 372086
20 38 262235
7 71 32069
10 100 277338
18 64 100122
34 42 231128
56 79 921594
39 59 462128
14 40 286449
17 80 336637
85 94 206734
14 25 24224
24 69 394724
10 69 710655
35 72 8137
5 73 585923
25 86 477592
20 98 836504
39 56 336625
72 99 508143
52 95 890741
15 41 750717
73 98 476173
22 58 335163
36 47 170338
47 84 919205
57 96 326180
29 73 833213
78 90 178822
55 76 490760
15 67 695870
2 32 794702
12 29 366471
26 47 255452
92 100 882785
46 86 779332
62 67 352461
45 45 457945
48 63 690132
49 61 196598
41 70 876607
42 71 23990
39 50 37598
13 50 553979
4 84 466564
82 100 191721
23 45 327367
12 87 360297
6 26 263746
31 71 523753
12 61 665749
2 53 240153
28 99 615458
11 28 620590
49 75 184911
41 81 457441
29 92 548297
40 56 76591
15 26 684541
35 88 737496
14 74 173406
62 84 218018
36 83 435429
16 37 72085
5 35 555466
44 55 655870
33 82 837646
53 71 441583
55 71 626546
12 53 628027
26 52 629951
41 89 737661
7 92 618174
19 92 711632
32 54 868671
24 67 774998
41 93 783317
52 75 684467
19 31 310998
28 39 906641
11 73 843806
72 76 666268
20 75 772170
1 75 896453
29 83 242687
56 76 190785
17 78 156259
37 53 602505
78 87 740064
39 73 320665
25 85 796838
36 45 32884
76 83 777320
30 33 342557
8 63 100060
4 13 896413
2 26 281406
26 29 606401
24 93 611915
2 38 962971
72 80 402632
11 97 568575
60 89 689979
9 37 333253
19 61 169006
17 70 967307
19 21 706097
22 81 385970
34 71 366167
77 100 410974
21 26 569014
44 64 79417
54 92 270634
19 58 638063
15 86 287825
17 54 328881
32 49 624397
5 6 150708
40 52 201031
50 62 372209
31 92 429225
7 10 567653
37 57 150241
36 42 538321
9 86 528291
15 87 351544
66 78 855717
59 61 585254
2 53 438306
9 79 159653
24 65 918106
3 9 822408
11 78 363087
21 30 817251
68 75 375048
66 91 840718
48 79 323599
46 52 425703
7 13 884020
14 18 27215
34 88 266570
26 55 415723
6 83 57127
10 38 913635
13 21 427431
17 83 943844
40 42 653416
28 57 590175
39 79 990733
13 75 997065
24 34 695676
84 96 311003
71 92 30626
2 98 620114
18 45 759084
20 88 452782
14 92 890126
65 71 354997
93 99 13310
9 43 620336
49 71 495736
9 55 891626
63 84 989114
29 46 927734
29 39 358535
5 9 515432
41 42 164133
49 85 709016
24 100 127777
62 87 349733
52 58 149064
29 79 51822
12 98 610862
33 95 26008
7 47 732394
1 93 486541
49 82 916053
33 72 548921
53 59 688016
18 19 846413
7 75 677245
9 70 581567
10 26 474307
27 83 810438
32 65 404300
11 18 506208
67 74 584649
11 93 498189
16 98 270699
43 81 285395
69 92 94057
52 82 738747
9 93 298623
35 47 566672
26 73 21162
7 93 792037
81 100 990767
40 85 755598
6 31 659028
29 40 120483
30 36 673892
8 16 282755
37 65 828589
81 84 415437
52 63 89731
9 95 819110
13 39 881085
16 84 383608
54 85 22772
53 54 780464
25 84 388169
59 68 536829
48 64 11166
30 49 473365
48 95 186650
74 75 520049
4 25 966312
39 89 949326
5 18 14134
11 31 122221
72 100 336120
56 85 888082
34 71 93349
3 37 486342
7 20 343670
37 60 663703
37 96 785516
38 45 33557
38 89 417673
22 33 486421
73 87 736148
33 45 216624
98 98 111576
2 22 53186
4 16 958819
17 67 121709
13 21 593417
1 89 49814
16 80 111905
1 53 384229
32 84 461572
25 27 28679
4 68 846355
20 51 303021
58 81 520560
31 71 820877
87 100 580674
24 47 81502
16 64 333492
8 37 719454
24 38 967861
23 48 329614
14 66 703351
22 70 31218
55 78 97905
8 58 165779
24 29 940319
54 97 421247
32 96 754239
18 41 873030
16 84 805268
1 50 615933
38 81 165477
31 50 98045
85 94 187517
6 64 890082
28 68 754986
15 47 490958
28 44 586944
19 87 520870
40 75 301334
23 39 564370
35 69 592390
82 93 767039
52 56 802223
43 57 360095
30 68 57396
10 97 638309
35 75 643516
53 78 241356
39 76 252594
4 24 498895
1 79 211524
47 54 592559
22 81 763686
17 36 977971
6 87 747983
22 72 176737
9 45 884537
66 85 748488
81 85 988195
73 93 848056
44 100 673488
32 53 655750
41 62 894471
17 69 124619
1 31 414803
16 71 396579
26 61 454274
23 37 74609
47 100 631336
23 26 840983
70 77 913180
46 62 50497
43 66 81336
37 98 798105
90 94 461659
40 52 83217
16 22 375080
14 32 194399
55 69 8454
64 89 287226
47 54 356896
76 97 702560
18 57 916773
64 89 392530
45 46 369159
45 48 933908
60 70 540093
17 83 991344
79 97 898307
2 82 946738
2 95 186263
67 76 552363
72 96 107837
64 76 893552
52 53 840570
12 61 793114
70 93 999066
28 92 357638
44 67 868843
21 49 136980
33 87 674049
88 94 31402
15 83 983859
38 57 410288
5 76 762523
26 51 827667
56 56 949592
28 54 194501
67 96 197069
8 83 802617
35 87 318305
53 92 392106
33 61 111551
33 67 876179
60 79 928534
34 93 909430
10 31 991704
50 64 80215
23 91 737469
8 97 606208
55 82 705087
39 97 657533
9 98 198941
20 33 820063
78 97 540698
25 58 987195
67 82 966270
29 38 139882
45 60 790866
19 70 932489
23 70 252197
16 38 503992
53 87 75147
26 93 830557
68 78 325467
14 38 255136
32 98 617583
62 92 385135
51 96 496358
21 93 303865
14 21 995492
33 41 167349
17 18 552078
18 33 931099
39 61 205904
39 99 677607
28 71 362393
5 26 649371
14 52 555739
29 41 285179
42 65 900814
29 91 815889
34 74 565228
16 21 572841
18 25 394420
5 62 938708
33 43 105385
26 56 658727
10 52 164434
14 55 725755
58 77 54522
72 90 399213
54 100 480880
27 31 930589
19 34 492487
16 40 993393
22 70 723028
56 76 103698
5 73 835828
34 87 998699
3 28 98630
61 91 720943
20 88 314795
48 95 212818
12 19 352523
56 99 772364
42 77 490513
71 78 271580
36 88 571500
13 52 954752
9 31 363854
4 99 287168
8 35 607535
23 97 641571
71 85 387977
16 81 388790
41 51 582300
4 85 114122
40 42 241257
20 61 41460
7 75 616184
70 89 991309
78 86 318228
36 83 108338
79 97 291916
26 28 219396
10 21 510195
43 72 773287
26 67 271518
62 95 518084
33 74 986347
47 87 302793
54 56 705270
58 73 596773
16 89 620195
12 94 669391
44 79 175322
2 11 687167
11 22 27588
40 86 559153
14 58 937809
19 67 24295
22 26 903155
51 64 888934
4 56 7202
44 63 563574
62 77 492440
5 50 93924
1 67 349332
63 71 479489
86 89 888922
88 96 873890
72 97 762159
57 76 214753
59 84 835423
24 61 969048
5 23 13945
34 69 270123
19 66 456912
83 96 821373
18 73 773625
7 98 680759
33 66 65746
11 41 857095
26 36 642167
72 89 806429
6 65 19085
29 82 977582
20 90 862841
2 51 315634
46 64 748199
30 47 76584
48 73 806406
59 65 257807
51 79 140297
37 91 353517
27 49 716773
8 47 62090
3 32 559640
22 56 371955
60 66 796126
56 65 822521
27 59 706236
61 93 716913
69 84 260151
38 80 456885
32 45 296859
7 58 670688
19 34 134135
76 98 224211
48 56 916702
30 55 930804
52 60 821670
67 83 54316
24 32 521514
72 89 788071
37 76 155977
59 94 999509
8 10 195239
2 15 915629
13 66 34601
28 75 373095
78 98 157244
1 9 892928
8 83 195789
4 24 247544
14 61 723535
71 76 112020
55 94 40314
65 80 148958
90 96 571208
15 100 805667
44 73 508025
69 100 631538
34 85 948046
12 54 914082
39 91 654736
42 79 763594
44 76 215496
68 99 644360
3 7 37062
67 100 474493
79 95 144413
5 93 35341
20 86 598115
24 73 862177
5 24 963827
23 56 648295
68 78 412845
34 36 978767
57 63 313394
13 25 133134
26 84 725675
30 69 685405
10 49 864705
65 76 69112
29 80 153124
28 35 128162
56 65 616775
78 98 290909
39 54 706656
47 56 611764
29 53 739754
20 40 328948
6 25 351973
69 83 555116
72 73 690386
20 23 510003
26 88 595578
54 96 904736
3 81 805286
36 40 9617
24 28 48678
18 85 452071
19 50 112205
20 36 622086
74 77 349553
23 92 423384
2 20 800429
20 40 965960
35 94 813729
27 91 242185
23 68 411182
8 85 634959
75 84 401149
56 77 694547
22 96 624183
74 84 972050
93 99 616396
10 93 378508
36 90 212911
46 86 393671
14 72 3542
59 62 826891
7 86 821501
37 64 945254
27 44 115617
71 94 679911
26 93 237127
44 52 348261
10 26 610805
12 93 554615
35 84 457653
25 84 309627
22 82 239383
2 98 273938
56 58 986094
52 57 607136
15 26 765456
11 68 524239
60 65 237016
24 50 803211
57 81 247398
39 89 775685
25 29 847324
54 76 376818
9 29 72800
25 40 895883
71 83 981471
29 100 841485
14 39 849990
90 99 13112
41 95 773577
22 44 514002
19 27 814174
54 79 562979
2 16 384064
51 73 845241
46 74 988271
47 93 831843
4 22 794029
24 41 126392
9 51 423744
56 58 910735
18 78 241717
36 54 702278
62 85 967897
34 49 429758
36 42 979968
36 86 778140
22 35 222080
85 88 492039
44 59 68149
25 34 535214
16 64 446844
47 88 682242
7 83 215482
29 36 65718
24 98 697685
59 81 680836
77 82 504311
11 59 414632
38 79 122448
11 63 865957
46 71 391123
3 98 770046
65 66 724086
19 100 543420
26 58 787573
7 15 104813
70 78 627790
80 96 902432
2 4 155588
11 70 35052
22 96 514781
10 39 293416
85 91 170470
63 64 588531
10 25 601132
45 88 382188
21 34 18115
2 5 372216
22 46 441601
14 37 387649
14 48 315074
33 61 109427
29 68 438819
28 93 481855
33 66 601033
19 87 535834
57 61 562074
37 71 715517
69 83 899713
44 94 551461
6 79 892204
33 83 183827
5 30 532111
17 93 617547
19 43 641056
82 86 572246
6 91 898907
15 51 279361
67 75 877821
19 24 922398
51 90 601291
4 95 529921
17 29 565003
4 42 221378
12 65 755720
84 96 59456
70 79 426704
37 50 354586
25 73 56247
13 53 290357
17 32 693971
48 69 885307
50 78 902016
5 62 958296
50 73 745948
21 52 251838
81 86 652490
10 27 171744
49 90 638128
28 58 431032
37 65 769531
10 29 215875
17 72 186008
52 88 366337
1 89 603067
12 53 359288
8 87 246363
33 50 248625
42 97 732465
9 47 338295
37 84 274686
18 86 216477
11 87 280772
20 99 43447
41 75 926218
36 62 14942
14 90 365659
56 74 928558
37 44 497285
10 47 907913
62 78 842268
28 33 164564
2 14 218870
21 32 489911
8 47 921327
20 42 45791
19 97 210533
36 95 891837
11 81 61627
26 68 871814
44 77 244760
46 84 285748
34 36 512166
7 11 871810
35 63 510038
80 82 587761
11 14 123865
1 78 265031
16 63 271398
46 97 376589
4 56 185273
16 23 352014
80 99 742608
26 80 88541
4 76 488494
24 80 320910
58 70 909274
60 62 654394
17 51 916319
62 64 28605
27 53 365579
22 34 175353
7 32 797874
41 55 645779
43 89 704362
28 98 769139
1 64 966543
58 63 240006
50 92 763647
10 45 44670
15 26 549341
18 63 706446
7 11 250320
43 97 378864
21 95 907011
38 69 968097
26 79 440228
13 57 956770
32 45 584423
8 22 485879
6 30 325059
63 75 420010
2 40 199218
50 95 793926
62 100 842547
16 28 793502
39 58 624201
18 35 747078
72 89 486395
58 68 95447
54 74 789715
56 84 220973
22 57 964066
16 65 467883
3 49 574009
31 58 278579
1 34 689392
18 68 979248
64 100 253024
34 38 939407
5 55 23594
34 87 793087
65 82 394992
65 96 784311
58 72 424729
59 69 497966
60 76 587344
40 74 984930
3 64 538820
63 65 461908
13 35 665767
19 36 896904
21 59 959920
45 61 28615
89 98 318939
27 86 996895
53 67 199462
16 90 634080
25 35 684500
10 40 237855
18 79 703277
30 52 512373
3 90 774777
36 68 581631
2 63 78986
14 83 443293
19 21 925553
30 73 857397
6 97 911110
73 94 970735
4 54 710563
18 27 947960
20 74 11559
43 81 740354
9 13 21557
60 100 271552
61 65 789172
24 78 106988
86 88 98959
4 7 781124
44 81 138548
50 55 124358
11 33 848152
51 83 598650
85 88 220527
48 96 401190
11 39 362038
38 84 233369
29 91 431723
41 42 904739
61 76 424273
43 84 490841
20 100 611311
75 82 998740
33 71 648272
12 82 187825
1 65 529475
82 100 106512
21 72 275418
13 62 508695
44 49 672237
42 96 94126
13 76 95254
33 83 995971
17 94 481140
13 77 123589
58 66 685226
5 96 873835
6 35 33055
16 30 557740
46 49 90302
17 81 402438
7 28 440950
46 85 327482
44 59 225337
29 72 911436
6 83 757887
81 100 621830
26 68 867522
31 42 773364
59 71 600193
89 100 29735
33 59 782847
40 64 986228
63 85 256387
56 86 485812
9 24 391832
30 49 778052
36 84 981581
59 62 105860
74 82 47924
38 72 268762
23 59 212453
97 99 822831
27 92 443450
24 92 845102
40 97 211666
40 54 360074
15 36 90320
41 63 128758
58 60 758108
35 68 628397
12 76 954143
28 99 755434
42 100 471496
3 84 382063
53 90 535692
39 77 911296
4 98 3103
42 78 655847
71 74 854014
30 98 136816
7 95 305320
55 63 964780
48 89 95646
26 42 373808
7 71 893288
61 80 478293
12 65 558097
20 76 1976
32 48 834920
42 60 657850
9 61 417215
14 88 585023
43 89 341422
59 65 96112
70 96 816015
64 83 985210
13 57 61953
15 80 437071
62 88 323624
35 62 523491
31 58 839465
25 66 114670
11 61 976688
32 90 499311
46 69 374316
21 52 776613
12 17 348367
18 27 749205
11 55 178257
44 100 853705
43 98 941100
13 98 926797
16 84 463135
16 41 642290
28 40 367534
58 96 844173
46 99 711326
44 46 117752
11 98 530491
60 61 494221
62 89 803412
31 39 241456
25 76 330875
86 99 179716
41 76 467016
18 40 209842
22 47 137237
61 79 475880
70 78 553218
63 80 415446
38 68 268528
46 54 111984
48 78 976007
9 56 20145
48 95 944370
17 94 468244
15 96 159776
77 97 830235
76 85 763844
38 94 984651
20 51 304596
51 71 300908
51 69 833035
61 67 928331
13 86 748008
33 88 728377
16 36 199022
34 56 570188
57 70 561061
62 87 417243
68 76 144278
10 12 225476
44 71 61393
14 92 78823
14 97 616168
30 74 430506
2 65 498355
13 75 134774
20 100 73164
18 40 241270
37 100 141075
6 83 567773
93 94 56873
62 87 938847
10 11 332407
48 73 623029
57 86 781414
16 31 553627
9 30 213862
47 77 934419
23 41 367529
71 75 647138
67 84 564583
7 80 74640
36 57 526554
70 86 848426
21 76 842306
36 49 251073
14 49 885984
44 92 508971
52 72 764221
48 66 832447
2 63 685922
54 65 998555
27 46 72671
19 51 521695
36 70 649478
20 95 823218
53 74 801071
16 58 215866
52 86 143669
49 69 190630
61 64 169333
35 69 629798
12 67 744084
27 61 573103
74 96 260599
1 2 542713
15 29 315082
73 91 784963
26 93 216252
67 74 343948
5 99 27776
73 80 604954
26 63 637964
17 25 558261
40 63 889883
13 89 264426
32 69 652653
2 31 432522
73 91 617731
70 98 938603
54 72 790182
49 100 407844
29 32 595999
8 29 618643
75 86 536062
5 39 695257
4 19 659797
53 79 331290
29 33 187324
26 28 279103
80 93 756622
13 56 753718
32 97 223272
65 77 10799
38 58 501743
25 84 156191
19 42 160200
52 99 363455
26 43 663520
19 44 698508
38 94 367268
44 67 280966
44 98 47175
44 66 215346
27 88 983169
7 43 925979
9 75 233933
12 33 970763
52 66 361384
4 63 165588
6 80 979671
52 73 533324
17 28 839135
72 94 891466
41 73 491405
1 4 547116
26 45 52142
3 51 862483
12 99 401941
42 67 104291
30 60 670235
42 61 465926
5 98 594584
6 20 267432
17 63 572972
58 92 658234
35 42 408379
28 47 709425
3 7 27819
22 31 863302
4 43 870054
36 36 637941
52 87 507868
4 83 322752
1 78 187456
73 81 298796
5 24 764872
14 27 375361
15 91 191983
24 91 939533
70 76 6197
81 96 26079
34 93 282716
38 96 797966
62 73 817642
31 34 698033
2 51 554604
8 59 475942
52 55 278767
31 69 487310
27 96 929991
11 59 453262
13 56 687754
49 58 144589
20 34 854931
20 65 573946
79 93 715010
60 88 698565
7 100 64632
60 84 583267
63 65 457182
10 79 910477
6 16 633374
1 2 67200
15 66 636006
22 91 158588
14 51 2729
62 93 754951
61 79 246176
54 99 838825
42 97 227843
17 49 47152
28 99 477267
16 55 188331
63 79 709265
40 95 244337
50 65 456006
27 95 694425
7 78 362812
30 53 627074
18 31 51393
3 80 155211
41 69 981033
5 68 455385
78 91 173642
3 89 989334
4 68 75391
39 74 872174
17 58 185704
23 61 151698
14 60 919207
18 57 557175
21 93 782434
40 51 24982
10 23 38982
29 43 224684
18 73 884928
25 44 205817
45 60 802436
56 67 797763
55 99 866312
43 56 869010
15 18 104712
32 73 958324
64 79 353153
15 85 60216
57 66 940536
74 98 54773
8 77 622323
49 84 748867
6 10 524861
68 77 407166
47 63 333924
39 65 321864
4 44 59964
50 71 349125
41 67 591835
12 43 607519
43 60 670620
51 53 12674
9 58 652447
30 35 22431
93 95 291270
43 69 134699
52 53 105400
25 62 897312
70 79 59039
25 98 454008
65 95 420780
6 85 563767
36 63 197967
11 21 512608
2 51 623362
58 78 632060
3 35 649725
17 23 403417
4 45 435201
28 43 460806
5 89 489488
4 33 379034
8 89 159089
51 71 994669
86 88 262702
6 44 402971
52 76 728152
44 67 483910
23 68 196160
23 76 549267
28 40 276413
34 83 990313
7 74 339435
9 87 64440
43 67 529959
20 57 153134
37 47 320918
9 90 886209
34 55 906334
5 92 621290
70 73 134058
58 66 702822
49 71 956072
53 91 552694
65 91 837708
76 87 541022
45 46 721612
5 38 213415
4 77 165604
43 54 880351
14 18 899026
15 37 15189
21 62 441625
8 49 713760
68 75 725440
42 63 727704
10 91 283473
48 67 448601
2 34 681629
27 82 774661
25 67 529845
36 48 795521
8 30 233584
27 86 889909
24 84 868266
17 70 565134
54 65 354561
2 89 130621
15 99 950168
50 94 460088
8 44 423701
1 100 289078
20 39 218533
48 83 339253
16 77 240182
17 77 266357
28 62 645882
32 84 790908
7 59 973352
45 50 688979
1 4 349884
49 60 37510
65 93 731828
31 59 341541
40 50 575059
52 63 692231
25 90 486048
19 87 418628
53 93 720357
74 82 290808
45 97 804467
52 56 554182
27 41 647771
29 33 301840
18 93 39284
52 99 343937
12 30 528218
7 88 728645
1 21 591467
9 10 86862
5 29 754954
68 75 410319
48 94 129630
57 86 486274
83 86 496146
21 80 608676
39 69 734292
30 100 369398
17 82 5784
14 66 64828
61 83 431253
38 99 451584
8 92 837188
44 87 338766
33 93 43494
49 66 968054
46 48 55805
1 46 883535
31 38 380304
73 100 322353
17 72 682154
40 57 256761
82 85 841818
1 32 157895
51 94 561650
7 60 870977
1 32 657417
48 93 584015
28 81 25083
34 56 680094
77 89 857574
64 65 842207
59 96 312493
23 41 717192
36 37 762615
47 76 443088
9 72 712303
16 92 515893
48 77 510148
20 32 980152
24 97 277480
12 50 310429
12 63 534546
50 72 537518
3 97 889214
56 70 895478
78 89 289834
83 99 141384
34 47 599129
32 84 82168
66 82 705298
23 87 178719
27 43 134048
82 96 818586
26 39 356050
16 33 169929
2 98 421242
55 97 571858
36 58 602287
32 55 587741
46 57 444237
5 58 537623
26 31 4786
5 47 150194
44 75 22529
16 31 512673
72 85 93794
7 43 680735
58 66 896381
33 48 404647
22 30 441540
15 17 796027
41 68 117480
39 46 453215
64 77 304609
20 81 346461
51 60 672041
54 58 346496
47 68 209279
16 82 664155
67 91 264550
8 9 503362
2 44 616357
18 51 103246
48 61 451143
4 40 997532
75 85 189467
22 59 692172
47 83 642483
64 97 457284
48 80 706854
27 92 7468
80 99 685456
23 99 707890
58 64 658064
6 95 814853
9 16 664455
56 67 521500
17 75 143133
11 59 49838
3 68 69693
25 47 585786
17 81 638486
39 76 458622
42 61 829786
31 95 988546
35 93 987968
44 73 778124
18 21 650820
56 84 714347
23 30 145509
15 83 210671
44 60 460004
14 100 803566
72 99 820361
31 87 52927
68 78 927903
30 74 433727
25 98 354997
45 100 180305
36 57 455709
6 82 226007
7 90 276335
24 84 305725
21 68 623749
5 26 236717
63 69 128446
27 70 65178
16 57 935741
65 93 92855
47 67 657385
20 68 926655
49 80 41709
7 66 55853
28 49 676920
35 93 191171
7 20 628348
85 85 460870
15 27 282289
9 91 273085
24 54 457681
51 78 245751
27 69 707227
26 60 914244
27 62 295507
74 89 456378
42 91 968382
52 69 685744
16 25 980456
29 54 149763
5 62 43424
78 89 66774
16 71 898552
48 64 567436
3 84 603976
50 94 261966
48 84 111082
65 71 852938
83 86 863293
2 53 60271
3 76 711588
68 71 821748
57 87 883079
6 58 790289
61 81 656143
18 46 778946
49 49 845804
43 83 658569
74 96 9744
51 60 4906
27 90 216819
1 19 859503
36 67 574031
20 77 186020
32 98 851427
74 87 110298
9 79 17650
44 84 320295
45 75 103620
19 87 506466
70 81 621794
35 56 101353
19 66 572444
57 72 581852
32 50 481412
58 88 969953
3 8 194546
25 92 937121
29 40 514176
74 87 870215
13 71 304717
60 99 432134
83 91 787709
86 100 670738
57 76 42421
81 85 638691
57 91 982049
59 74 751608
43 82 341360
2 4 607440
42 84 26772
20 62 842608
65 93 811653
22 52 90082
12 33 237117
5 69 589234
10 67 106300
4 26 295474
90 92 105475
56 95 150325
13 41 38235
46 87 929877
9 28 735245
29 48 928623
69 93 810281
27 32 69155
65 82 332033
26 45 357911
60 86 625389
8 16 383796
5 72 185031
8 92 759206
51 70 810031
33 84 323613
20 96 570758
61 82 662352
54 95 309556
33 85 411127
33 90 999717
55 97 340750
52 86 80901
22 34 187415
10 31 232074
53 54 791831
31 94 378857
32 47 300246
18 56 719517
19 99 531169
34 97 799014
10 98 948746
81 87 476293
34 52 474532
8 70 130882
43 99 985353
43 87 74281
51 66 904150
20 24 712647
76 94 282284
43 100 647919
31 74 1135
81 93 6457
29 53 18120
47 63 676287
50 87 483877
1 50 811617
20 81 465014
10 22 953472
11 35 718192
82 99 607429
22 85 71564
69 85 384729
25 88 898246
26 56 10668
17 95 105568
57 68 791664
39 64 584159
3 100 566877
92 94 793995
4 40 523438
35 41 686257
10 85 756896
2 63 431523
25 100 900088
84 89 911156
80 92 151611
20 53 435966
59 78 814582
22 41 579294
28 52 825334
17 70 992437
26 34 787854
61 88 558823
77 84 180182
83 95 989726
28 62 500968
51 80 904197
22 58 169636
22 96 933455
8 62 19948
53 58 716080
26 42 134950
67 72 149409
58 68 639294
8 81 114719
52 99 927779
17 54 179626
40 80 710472
35 58 216264
11 55 694755
10 56 178753
37 60 18351
15 64 955426
34 86 419244
46 66 819709
4 24 623452
8 40 609829
25 48 703557
31 87 188340
30 60 314739
23 80 169287
13 45 998902
34 36 905343
77 78 425950
41 87 768192
10 11 562564
10 70 134068
9 30 509635
4 16 628935
7 47 380664
41 65 216234
42 56 776456
42 44 13330
38 63 58136
3 42 172728
12 27 373397
20 46 549720
36 46 253804
43 96 277877
3 76 573905
15 69 264017
55 61 147066
57 95 508472
8 15 763874
17 56 373620
16 21 840073
16 25 577176
16 32 37936
60 95 598711
90 100 354400
22 47 916588
27 63 941794
33 93 9554
4 63 205383
12 12 389194
23 66 325343
39 97 867643
44 63 956291
77 77 487499
67 76 448846
62 85 791401
22 97 4317
3 25 270341
11 36 935509
32 79 793749
18 30 365468
78 79 638223
58 90 994972
52 81 393907
68 71 414405
12 89 396864
22 88 860874
61 84 297852
28 39 677409
77 84 941104
30 54 506758
30 79 953959
32 35 845366
14 49 782516
1 6 390198
5 28 882666
57 81 592652
87 91 997220
9 18 725058
10 59 409789
3 9 925161
61 94 924311
79 85 884369
64 95 23318
29 75 560275
82 98 38436
43 53 162442
28 71 414061
24 97 916948
62 90 108770
9 86 768403
25 72 519928
28 73 238064
7 28 970088
2 76 339413
43 75 652143
7 63 316080
8 81 387213
30 84 214325
18 94 385608
23 62 290586
51 53 262888
25 74 559066
46 60 16763
22 52 763637
49 75 608721
27 69 902317
8 25 506110
75 85 753801
52 57 668701
59 70 442707
31 61 770761
47 93 212124
14 82 305188
25 76 36852
34 37 539154
15 95 588277
20 76 686589
32 68 33591
72 81 137169
21 66 373531
28 98 348479
80 85 352323
30 55 753981
21 39 769558
78 81 704770
91 95 411646
23 50 860684
52 68 271019
63 84 705883
37 95 65296
41 45 911733
65 91 863075
35 77 139938
4 58 222176
27 75 161264
31 73 90245
53 78 978671
22 68 901525
27 32 506803
2 14 140503
87 95 30231
47 67 938325
23 56 104374
6 41 561695
47 93 568050
81 92 689224
24 81 425520
35 44 205095
39 74 630808
4 13 550741
53 61 521559
2 8 135667
71 90 961502
88 97 432675
33 87 491362
46 70 795404
73 100 88796
80 80 933721
28 86 113225
54 81 291000
66 93 767722
9 24 370781
49 56 573827
41 45 720766
30 40 157661
16 89 598039
8 79 699718
25 87 111526
44 51 817934
62 85 868142
8 67 735113
31 94 548533
30 87 870738
74 80 369928
65 89 295172
48 71 83892
80 100 428226
37 100 515853
54 68 188718
54 91 336362
70 86 366387
44 97 919652
27 94 943741
26 60 732828
46 72 243710
37 74 225972
65 72 971817
21 95 37715
84 89 933112
63 65 78564
63 82 123688
44 47 574805
16 18 182586
17 38 658970
60 86 957426
26 95 143146
55 56 46361
75 86 449598
13 94 492093
46 63 244823
1 54 743406
23 40 871223
24 33 671424
10 20 303909
82 83 509326
1 2 903468
10 80 290676
75 82 25306
5 47 816786
22 34 972419
55 89 34381
13 57 276478
15 31 350351
12 83 357
78 88 157061
14 71 209559
43 79 295646
22 76 984439
78 98 271248
16 41 412588
25 54 250773
35 75 448032
21 33 727400
16 39 109572
3 20 463690
4 96 386825
17 65 276289
3 80 472486
28 61 261782
19 33 321431
54 71 759189
39 70 34714
2 13 702671
2 90 132850
23 57 39129
78 90 483878
24 49 997323
73 85 711809
3 77 788420
7 78 986577
63 90 771299
25 37 218026
34 54 434574
79 97 37219
24 61 522093
23 96 878294
38 54 738989
54 87 667618
57 99 742336
35 97 803050
81 100 685529
19 60 221333
20 39 166834
56 83 305166
36 37 993608
15 29 304515
18 19 542044
59 86 380264
24 64 398706
15 31 568884
50 56 889300
4 44 613153
2 90 530382
59 96 404014
46 92 531121
41 69 279454
56 99 914130
41 51 37240
38 48 105993
5 34 872391
36 52 825973
28 60 714329
73 99 803637
88 93 795907
5 94 410607
6 10 559193
23 48 910923
77 87 298808
7 78 630071
72 72 610622
80 84 274466
41 99 838286
13 43 532419
13 27 591631
46 75 411601
75 81 936300
42 80 563722
27 81 566228
8 53 874735
36 50 974841
32 79 142404
58 73 573715
31 70 739795
1 18 305051
27 94 624808
25 49 913683
71 92 297876
54 57 773563
27 31 92332
12 57 878811
27 58 590217
17 45 422654
25 29 181511
18 86 696946
29 65 128841
66 69 33356
6 97 151665
19 28 39968
67 76 939883
12 24 307723
51 60 891169
30 42 181355
28 66 58054
1 97 353316
23 70 898637
24 28 518939
11 50 698929
32 96 15612
9 17 361901
10 31 948661
65 70 424323
7 73 46906
9 19 964471
11 51 983810
10 15 398803
9 15 869255
28 66 289123
8 40 69896
56 93 887480
34 44 644681
64 72 124967
7 78 46159
16 58 745737
52 95 996070
38 100 448634
33 97 931228
57 80 387229
34 40 508934
38 64 743381
3 68 864120
32 52 509899
62 75 771919
31 33 655596
21 26 625066
28 61 435498
3 35 514090
44 64 134777
23 77 613303
67 88 91089
50 100 426492
55 56 77616
10 89 519592
25 70 205207
13 96 833645
64 71 425675
63 65 93507
39 64 80212
9 65 173924
22 77 890239
40 51 279183
5 53 456541
78 100 277383
31 69 284739
20 23 511316
13 72 994250
90 92 862399
45 60 834383
2 72 389207
51 51 584882
19 48 23985
7 63 37465
55 87 923169
5 38 688748
20 53 671749
4 15 976025
70 94 762297
34 93 243536
50 61 429409
38 86 2501
35 40 450596
6 17 502771
25 42 334893
50 52 949269
75 94 607595
26 56 358765
24 71 647249
42 67 369792
4 47 868116
10 42 594837
42 97 86001
77 93 546363
45 52 288167
80 97 363779
55 66 311863
30 52 461696
28 88 874921
8 90 188876
69 82 833993
68 80 413380
53 75 75683
4 45 103816
59 64 438605
58 78 198718
4 38 187804
25 48 216271
53 77 76203
52 63 188006
71 100 966745
21 90 97718
41 74 161417
49 54 40819
48 92 487843
16 65 874645
26 86 366032
18 73 514459
36 100 30400
51 91 791684
36 43 55397
86 98 913685
76 85 44727
33 82 294552
96 97 61232
7 42 285593
26 39 230223
15 87 148074
55 59 293912
51 99 854750
9 84 740048
51 94 890447
87 99 180611
34 93 418586
47 81 293376
22 45 312224
20 100 193370
10 99 925957
2 18 188839
13 76 151922
10 84 708738
8 30 135061
5 62 986442
24 41 293918
54 95 575715
31 77 493697
59 92 544114
68 93 323577
27 53 532899
51 51 865538
47 59 858469
9 43 316060
25 81 459243
26 80 996620
33 51 660971
26 93 885084
71 95 169952
15 61 418840
78 88 545993
73 75 780242
44 48 687402
20 60 88925
41 76 505096
42 68 828051
89 95 930543
68 90 481873
69 90 433838
16 65 828344
66 81 436696
6 25 852460
25 28 566403
90 96 163159
11 68 346122
14 85 684132
60 90 518796
66 67 440838
90 95 791853
6 81 400113
62 98 510930
49 82 741086
2 41 767912
9 82 838025
11 42 675868
96 100 516084
42 63 354017
54 55 688996
51 83 962287
42 95 742817
50 83 116544
73 89 225528
4 86 771668
33 41 957819
27 30 706284
9 90 927357
23 36 222737
21 56 450392
7 95 428556
12 25 149161
42 69 1837
56 75 163921
13 96 592775
27 80 160692
42 65 849968
27 62 970748
67 92 519107
53 61 637973
72 87 36000
12 19 367088
46 49 466408
64 72 786882
46 65 497028
1 19 140227
45 61 727645
14 76 703026
7 90 253923
60 94 921166
21 23 188553
29 81 446621
11 70 785349
33 85 927335
4 17 560210
37 44 709177
1 35 678576
29 35 969701
79 94 654496
16 70 680894
9 18 850027
62 100 778783
76 95 759002
28 97 820067
10 27 711293
2 45 299243
13 83 37991
35 47 265374
2 74 817582
1 22 837730
85 95 851501
28 49 856550
24 33 34692
74 96 132186
10 65 474389
43 80 426483
12 84 386950
16 94 308586
13 39 723012
19 52 488764
84 85 846076
17 53 858601
81 99 773793
25 49 216887
26 29 706155
36 72 612910
18 70 359701
77 82 448411
73 90 431452
42 54 270224
20 70 397701
35 58 837984
7 62 584406
53 75 632294
12 74 175257
37 78 223613
37 80 164126
18 33 158535
7 54 486392
15 63 277928
72 78 709117
24 46 607754
16 40 66697
5 19 553817
15 31 83897
57 82 507334
42 94 669106
37 83 668166
22 53 708826
62 76 966930
11 26 816155
33 45 78566
6 84 192165
72 73 751301
54 65 501163
22 69 384434
31 44 576483
29 84 909494
79 97 963784
13 18 558750
1 92 84250
45 55 509180
27 45 619611
56 68 612515
8 13 438994
74 96 248046
10 54 191753
53 90 293496
56 68 791312
5 66 963875
41 84 21946
7 93 781075
20 55 293149
15 57 470066
58 71 539733
86 87 798764
11 98 422143
16 83 247474
20 52 850496
32 55 414265
15 57 814526
13 43 661114
57 82 132195
27 73 421106
16 82 723296
26 51 936033
32 51 859109
70 84 558029
33 47 529708
82 98 466815
81 82 335085
92 96 5506
40 53 359145
12 16 321129
60 61 823778
6 81 573575
21 98 764254
47 58 438263
73 98 619370
33 48 669908
28 68 533587
51 85 848576
39 79 368237
17 36 531040
27 38 19790
31 73 406363
48 65 347986
34 50 829985
31 31 207255
1 8 525536
22 84 832063
42 94 553614
53 65 715763
60 79 289508
14 96 740253
30 41 932575
74 85 508523
23 41 778367
15 39 609489
19 32 984266
52 100 537861
60 64 635465
93 94 882755
8 83 640455
33 69 550537
26 97 831191
64 96 79257
12 77 467853
10 61 759100
28 34 239233
31 64 856444
16 21 995602
48 93 734631
14 65 11486
70 99 69585
31 52 603725
8 89 246480
22 47 170182
13 78 277696
9 83 894006
20 88 822591
1 80 709710
66 92 601072
57 81 286339
51 53 402362
15 74 560399
21 60 813191
54 95 833708
15 98 705800
36 80 559134
55 59 572589
8 96 13736
25 44 832624
31 71 500755
30 32 514697
26 56 442541
23 35 227577
46 62 994950
72 76 4290
18 99 453171
13 76 48555
1 28 219980
49 85 488447
25 39 823344
18 40 945740
19 74 794878
32 39 428774
44 56 85979
46 86 923300
27 85 169329
68 79 277727
25 34 421996
62 83 54392
39 68 263870
55 57 992849
34 45 866010
25 86 917457
63 78 339386
3 30 107235
52 56 703067
13 26 175093
18 20 522302
63 73 381691
28 85 797351
16 60 779435
35 36 825887
11 100 734401
45 64 135156
41 46 48123
72 78 519606
17 38 844252
20 51 90490
30 78 145643
10 76 707928
43 73 255219
34 49 632047
3 29 987330
22 58 744606
6 36 958828
6 92 923979
11 61 892680
22 44 295326
59 77 109743
20 76 274052
45 90 851458
22 36 837742
59 84 448163
28 46 741394
35 44 815033
59 80 858087
7 44 415535
66 71 310571
57 97 395380
29 77 504671
71 73 355898
11 69 935751
67 82 37624
21 81 929836
75 98 7082
15 51 206876
47 81 16974
40 71 344359
73 87 733735
33 34 996578
8 74 142780
26 27 916774
6 85 740760
53 57 815887
37 83 662089
12 33 17279
51 85 245219
4 50 276827
58 69 577469
22 68 383563
36 52 988977
11 27 438588
7 69 235166
70 74 16736
19 55 889831
19 20 577322
10 36 284467
9 82 740309
27 60 66668
15 29 572316
58 69 98243
79 90 527424
10 60 184553
6 75 836679
20 97 860630
55 71 865338
40 86 561796
8 22 766309
2 24 219634
28 54 247385
36 50 950819
9 28 959211
40 59 893086
36 62 239476
78 90 400942
18 92 296464
32 98 805473
18 30 844386
38 85 581131
17 80 83980
18 41 895107
57 94 995065
29 44 354787
38 72 267478
40 82 264906
57 83 475154
39 46 975771
27 51 733796
6 46 677565
8 69 452483
21 100 935771
36 93 146157
67 92 723043
6 15 980771
39 92 324618
15 46 891689
49 73 713732
38 90 982857
26 90 251598
15 89 696847
71 74 505318
22 77 557196
17 99 992207
11 69 942165
61 76 576337
81 100 105795
56 99 362036
41 63 950131
51 84 945610
10 80 181637
30 82 569700
65 93 736799
36 62 840922
12 66 578537
47 85 187462
3 26 739664
19 57 317255
33 97 619526
8 35 880256
8 95 626814
44 78 604440
13 96 449075
28 85 768122
10 50 245984
22 85 16341
29 42 160519
17 100 682715
19 79 291436
32 34 825860
26 43 55001
12 45 321866
88 95 190362
90 97 195756
17 52 471360
55 80 668781
19 19 990048
33 63 360020
38 40 868819
16 44 168684
38 82 128758
7 10 70980
10 42 896041
32 51 489070
74 93 966930
35 99 572738
13 55 112921
11 91 8218
77 89 900972
64 91 186581
46 92 398650
18 21 446935
36 70 300986
4 11 35717
54 57 945315
15 68 392395
5 88 578804
33 94 627927
71 88 675436
31 43 62814
53 84 572176
47 80 444948
60 64 786154
33 38 11063
75 82 63366
6 49 794435
10 20 840373
34 54 791420
61 69 704652
3 75 287209
14 95 612772
27 64 712213
29 33 255322
15 58 89423
80 98 275150
22 30 730665
11 33 11558
47 53 555835
87 96 668747
42 55 167519
20 21 698856
67 88 297204
56 100 212272
1 55 18078
2 13 655894
19 91 275522
4 15 799893
32 35 303884
22 39 373608
55 65 14763
60 89 263889
38 90 186961
2 65 673237
19 76 809590
74 82 189372
34 98 33108
59 78 974931
2 94 15210
36 37 557099
17 49 187324
7 28 727385
58 76 791695
21 24 214070
65 95 214831
76 90 101023
64 80 311787
23 67 927669
66 81 105429
30 100 745756
37 72 721285
22 35 580029
33 50 517269
42 92 574022
25 85 507877
21 62 709990
18 99 711958
89 93 849428
42 53 626512
38 99 871496
86 91 572991
59 67 845566
1 74 978319
45 64 141176
47 61 818294
21 93 697787
23 33 212841
82 97 672463
71 72 723427
45 90 252417
8 40 700515
36 61 182306
93 98 764397
19 49 393799
35 78 554566
56 57 684425
43 76 61114
45 60 524613
42 57 34008
12 42 116700
19 50 392754
61 97 312306
22 93 871776
22 79 868080
27 39 884733
24 96 732164
15 23 89702
54 86 758750
11 83 226111
49 65 208883
35 79 318896
66 71 787899
5 69 114466
77 88 700405
73 79 870277
44 100 125024
60 82 524491
22 78 947201
16 88 361836
33 58 901538
11 32 208483
19 55 988112
23 51 994413
44 56 33882
20 50 616334
86 95 360406
36 84 225550
25 29 448094
42 78 899382
23 58 918861
13 44 976726
11 67 314244
47 77 918657
62 91 796649
13 59 658380
70 72 207141
13 51 395029
14 50 25123
43 58 14904
5 91 34134
13 65 484762
26 67 592946
13 14 816736
31 68 672880
24 59 408566
16 98 806412
47 76 373195
23 65 833673
39 56 496274
92 99 870313
62 95 672513
63 74 671095
11 39 983571
37 70 639040
7 94 673672
71 90 214867
12 58 69089
37 81 722246
92 94 503527
18 71 912883
11 17 961315
37 74 134261
52 58 347045
79 88 758893
21 32 59456
13 72 524802
5 17 518986
40 89 253658
75 96 722334
50 65 714596
23 54 571035
37 89 998736
64 76 468133
28 58 216851
62 99 891106
9 10 595430
53 82 904124
20 53 908805
69 92 506915
51 67 311602
47 62 262985
19 53 317618
8 81 141671
5 53 558413
52 74 569973
25 63 32529
39 84 292339
12 36 970701
14 79 587813
28 75 716311
29 65 117329
25 25 300937
60 76 960705
42 73 643006
5 47 270021
63 79 842008
20 29 231280
37 71 9787
30 64 476248
83 96 867857
9 56 847000
35 61 354629
45 68 640144
14 72 157322
52 67 495393
3 34 584148
68 83 973172
73 100 843292
7 27 548658
37 89 254303
14 42 269515
19 80 369693
51 55 272114
4 87 431964
5 21 869661
89 100 318308
74 83 931528
44 57 550466
6 12 79408
51 93 135432
7 19 120090
68 79 597642
77 79 838283
68 81 608928
17 22 820560
1 88 893800
33 67 960886
38 97 818499
53 93 332497
18 62 707285
73 96 711223
55 56 385032
54 95 144131
37 97 795720
62 79 364949
8 35 635078
8 98 699791
15 91 990583
38 96 173015
17 44 419988
20 46 669402
62 63 380634
17 76 582533
15 50 545545
40 60 737676
17 48 628071
49 80 741285
69 88 737084
60 97 323147
70 86 513301
1 99 8254
32 47 950276
69 100 437056
55 82 362781
6 18 687639
73 73 244728
15 29 981456
71 83 946291
58 88 567992
43 44 135919
43 90 272227
27 47 340689
31 38 324519
16 28 196736
47 88 973727
27 52 9963
25 47 918379
48 67 349314
5 92 714605
13 36 77755
21 85 67916
22 33 218253
17 30 980338
4 22 49333
4 64 154319
1 12 584566
78 90 414486
42 59 983187
7 39 824125
26 57 586005
1 11 167808
4 34 797449
1 31 583709
73 83 594945
59 75 10902
52 69 814481
9 77 540468
78 95 736401
90 98 262593
5 70 734240
73 98 112587
13 39 299036
22 49 667430
42 49 591149
83 89 128232
82 97 8634
11 27 250541
46 100 10352
29 87 734290
3 78 254528
36 83 424508
8 94 26655
66 72 371665
43 84 822278
30 42 882364
6 75 612402
88 89 383275
10 74 307107
2 56 57298
88 90 51359
36 66 696935
71 97 779823
94 99 955174
62 84 10206
6 7 833868
11 99 832511
10 95 902430
55 92 465702
10 36 432994
1 81 107
62 71 943203
27 73 35693
47 62 502511
7 72 498571
76 90 78938
58 68 874730
40 48 199674
57 64 535988
53 55 625515
22 97 366101
33 46 984203
52 69 123134
8 19 260540
8 45 36197
12 87 750375
22 79 583873
34 80 693302
51 91 291856
30 83 943639
1 75 175762
14 68 653374
46 79 780045
53 74 354914
79 100 138890
75 96 116412
4 23 164756
24 69 342989
59 81 458814
64 94 156183
39 64 675292
28 92 774561
16 36 951751
7 61 74870
40 45 475803
33 52 73252
7 18 68602
19 45 898303
19 42 235977
30 53 50589
48 100 435311
16 71 618650
14 70 912540
12 72 149780
5 66 465662
4 20 816366
21 61 336651
77 84 554639
27 79 297532
15 55 135201
34 36 543374
40 78 476821
53 69 833282
64 85 564060
67 68 939228
20 59 730541
28 59 102566
73 95 381828
9 30 170283
52 79 552863
31 99 888638
33 43 712769
3 49 150195
65 87 866417
17 77 282083
72 88 486009
39 91 454250
56 71 941738
35 92 530410
41 42 936341
12 60 615432
26 85 274641
29 45 736108
2 51 904186
4 69 24835
3 83 267310
18 29 771838
50 51 846928
74 86 447955
38 44 846535
4 12 56953
2 6 262078
10 21 598638
39 86 326563
48 54 324275
7 38 784618
1 41 259148
35 37 723594
84 85 223490
27 55 869693
17 31 481059
39 95 652930
16 99 102143
53 84 172700
45 84 46891
74 99 182034
14 42 58880
21 63 116014
15 69 273690
71 92 176961
5 76 97819
52 60 844124
10 59 679208
21 72 658070
35 71 668521
5 83 187787
9 43 513804
40 55 826521
13 87 384000
24 30 653475
4 45 715003
73 85 581904
62 89 842359
1 15 827467
17 53 130543
20 26 762755
40 76 370661
82 94 545450
88 91 60189
8 72 362039
44 90 667808
24 31 680422
13 35 603324
48 48 34613
31 63 242177
12 44 767655
35 39 613508
39 94 869763
37 49 633886
7 42 928788
83 85 262764
57 100 912297
43 69 147342
36 48 269972
17 86 978601
2 24 754925
22 61 301736
29 97 498893
34 71 537397
5 97 571542
22 46 848002
14 16 105704
21 75 801285
22 36 320171
8 57 375861
45 53 901770
34 93 296913
9 40 661811
9 79 615447
50 70 496154
24 54 523471
12 81 852982
61 91 690303
38 44 883201
27 99 886326
78 82 943290
12 90 795972
28 44 823524
43 64 731902
11 33 539590
32 45 609021
24 40 389547
17 97 803422
62 88 209954
3 86 141505
45 64 685949
11 60 253516
8 8 988116
29 41 922023
2 3 171649
51 68 914623
36 55 274851
10 36 482886
3 85 794461
22 63 826288
65 100 794326
84 85 839925
55 95 883321
6 24 191443
3 51 907061
31 60 738251
44 67 189372
46 81 259041
24 97 393926
35 58 351903
49 57 741005
45 96 521937
25 44 434256
10 75 615304
33 34 336978
7 45 44953
52 100 76186
53 69 995997
43 50 98739
15 83 311665
45 59 137580
36 69 417077
33 71 831831
21 100 532047
67 82 7372
22 26 10983
24 87 582501
51 85 278763
26 59 674945
38 59 615883
25 70 105731
36 64 269051
19 91 789394
21 66 907446
13 79 857625
43 80 559479
27 95 406279
15 80 342400
54 68 590414
76 76 551957
51 83 127654
35 61 100032
60 65 661705
5 82 957709
24 53 42550
66 92 938637
79 89 998641
15 77 177685
26 87 733055
10 63 460798
83 92 594092
15 21 204901
21 55 902279
45 73 227627
36 70 114210
39 47 715123
24 59 842133
40 76 217001
51 83 953530
7 76 989943
50 88 944752
57 58 878992
9 17 405211
46 71 5992
20 45 310112
68 83 946743
60 80 304939
15 75 382588
36 59 332459
47 98 367030
57 83 872146
78 83 497066
8 90 48216
1 15 408162
39 74 181623
2 65 294186
50 100 216942
27 78 101395
15 65 772417
35 47 860466
65 92 465909
49 49 468768
21 76 821718
48 81 460794
24 54 774003
1 8 852577
30 63 352158
3 33 966201
40 68 528623
62 82 173291
67 93 215808
72 75 939557
47 97 983984
23 68 753879
37 37 166115
57 71 903925
49 73 942078
78 99 679738
53 58 4653
52 55 688929
5 37 642655
4 89 106796
43 66 72263
13 59 574752
53 74 146714
38 92 569477
12 64 644438
62 62 835304
17 34 437751
9 40 405082
5 23 452801
3 67 315312
45 54 989948
40 97 112132
1 15 731825
21 81 715313
8 35 507504
7 23 997592
75 83 99659
1 83 904799
64 83 216538
6 42 427055
48 75 286775
88 89 188531
88 89 72066
45 95 301342
78 85 933148
61 100 951396
79 86 601262
6 87 14462
46 100 759521
42 64 47528
11 32 550757
2 62 841060
43 100 388204
32 73 369079
36 39 514094
71 80 856553
1 39 37285
7 29 714439
65 76 466641
2 59 332514
87 96 108851
39 100 982928
25 34 502676
77 85 669096
30 83 836093
28 91 521032
18 51 277118
12 26 449040
12 77 666281
50 53 695718
38 61 910806
43 59 786547
55 55 161759
26 92 361955
67 96 277988
88 96 671079
51 60 387270
50 94 217459
27 62 654574
36 75 978882
40 88 961029
46 50 874448
6 80 352507
7 38 622493
42 70 397251
19 50 401326
44 87 681235
48 58 87054
24 59 696870
14 92 379079
8 100 333179
26 35 241067
54 90 100630
31 81 818960
16 73 97788
86 99 685389
14 26 953658
1 95 807936
54 70 393693
41 61 244490
27 55 89720
16 84 13199
8 18 2851
5 41 604856
46 75 949497
45 64 472819
56 69 985175
48 58 915824
7 45 115298
8 16 400932
46 79 98687
9 58 505544
16 29 217819
65 90 214232
59 61 671779
78 93 689623
33 69 30602
57 69 370311
31 88 102408
18 92 588339
88 88 595352
49 96 834024
9 29 74807
37 78 361077
1 5 997226
78 87 900657
68 93 61558
12 69 480115
16 38 419880
28 41 461785
24 99 821133
36 62 517252
70 75 157496
30 59 362072
91 99 134145
16 71 885631
42 53 244867
17 53 468773
22 74 761243
49 61 645563
44 89 418670
52 71 142006
70 88 180258
57 92 502350
16 31 309409
37 75 104514
83 84 934043
3 40 328721
9 90 939203
32 57 207169
9 19 267471
33 95 59226
74 92 75066
22 97 705770
31 71 606468
13 28 384448
62 85 713327
55 79 950195
88 99 713025
16 41 589658
38 54 376327
13 70 66771
22 85 700942
4 56 127359
7 36 630057
26 96 262274
1 76 801393
15 91 730566
27 91 809662
10 99 226103
32 48 411633
67 93 718982
17 78 528939
53 55 236456
34 74 161109
45 92 562838
9 37 546584
13 38 782349
19 65 932517
69 88 658061
43 85 425644
68 99 948188
12 24 510502
38 51 947202
41 82 770638
2 76 787405
69 74 980706
17 58 176844
76 98 641764
56 95 464086
10 45 57117
21 72 929922
9 16 617430
7 24 63535
20 81 199136
10 60 158971
12 86 110539
2 63 315534
16 73 65457
44 80 200654
7 37 318186
46 55 353578
4 31 584663
46 54 269395
47 83 312986
20 39 931004
49 96 514521
29 86 601823
24 25 773057
12 92 931577
1 6 601023
1 80 358666
59 90 195783
29 46 324952
14 67 546767
75 96 901931
48 77 169171
23 53 689041
5 94 823952
26 50 331865
10 36 165835
53 54 317594
1 75 574090
35 58 231275
37 47 728791
8 57 569003
57 88 304195
14 62 431161
61 75 304670
13 80 469562
47 96 462658
5 38 195544
68 95 234247
5 82 694847
20 43 179982
19 50 898720
78 90 420537
26 34 817968
10 43 220783
80 99 197864
47 78 903578
35 80 417797
6 66 990891
60 95 879496
14 89 85010
32 84 82805
49 52 274633
59 81 661
66 68 43208
80 88 553462
51 54 27728
85 98 410343
66 95 474851
2 67 370687
38 86 526984
68 78 845590
23 79 965065
29 45 280712
53 59 198583
59 84 731511
1 42 506979
12 99 133447
31 69 55140
21 40 614882
1 4 610581
14 46 697460
50 56 694294
7 66 14767
65 86 251209
46 73 790086
3 54 719253
6 79 691955
87 96 661541
29 39 92851
16 84 172519
30 42 587334
58 94 24463
75 84 211634
13 45 345043
21 82 70720
28 88 80751
80 85 835067
11 77 289569
23 80 635766
20 31 517676
75 86 473861
16 47 193815
20 45 856961
21 56 329900
58 69 107782
65 83 152252
44 80 96374
62 90 689560
35 80 92150
39 43 338327
36 85 963566
39 65 371413
47 100 471307
4 30 994480
69 94 767166
56 70 188362
1 99 20412
55 61 248460
2 75 356735
21 46 478048
11 36 880898
15 18 536052
58 68 156486
55 63 770300
47 85 794129
8 98 947375
30 85 970796
66 75 738951
1 71 635682
2 24 899
24 38 115526
9 25 911142
3 48 406572
12 43 611062
54 92 52973
50 80 95872
17 99 811941
16 70 976018
37 79 892598
24 92 422718
24 98 463941
17 50 760987
61 100 228730
43 82 891909
67 68 858882
70 80 586714
15 87 684111
44 70 825597
61 86 224020
69 77 240725
47 60 978379
2 15 640717
38 54 229553
18 70 587667
59 75 720263
5 25 809691
15 97 135697
76 84 167003
66 71 569113
15 37 780687
35 48 945066
50 60 368757
29 98 469143
83 95 240784
14 32 326708
27 30 332647
30 67 325210
4 76 434501
33 36 470502
46 73 755385
39 78 948856
67 86 249685
33 41 705781
26 87 287024
35 90 279943
78 91 556582
19 59 414171
6 92 175381
37 59 158304
2 77 207456
4 96 718733
33 67 345838
45 62 206681
75 90 621674
7 81 942786
18 67 903298
25 79 758985
1 36 550443
15 66 320498
67 92 645529
29 81 143751
12 48 798345
31 43 717651
57 62 615225
4 18 683753
90 91 164396
3 17 706333
15 29 539689
8 78 459912
20 81 126651
13 69 724935
54 66 995185
11 37 66426
43 97 344733
8 16 441543
39 71 646742
37 74 507350
54 68 836280
44 59 875540
78 87 870561
7 64 862835
21 66 790900
95 95 856422
50 99 963352
9 96 77864
52 90 593848
61 64 668916
39 53 737859
8 92 172171
25 79 360875
2 75 473524
7 86 363112
5 100 377205
13 58 87860
25 55 38877
23 76 470606
7 43 747836
62 76 267513
54 70 492903
25 29 123708
24 61 405943
97 100 618466
51 57 474889
20 96 239930
52 93 661437
2 60 269974
37 76 330361
29 31 659213
5 66 874789
7 67 365563
72 82 496623
5 36 313662
46 59 269638
42 46 232506
20 71 464289
84 100 402964
52 81 927479
68 91 844856
2 18 187462
2 12 788820
28 98 650639
15 20 341469
42 44 342807
24 56 227719
13 48 644581
50 97 418959
11 76 623944
18 38 172083
6 52 924496
33 67 787191
3 99 957778
22 24 413216
68 74 691367
11 43 682490
19 57 814124
31 84 405652
12 25 393026
18 83 754496
53 91 803340
60 100 780117
59 61 169974
65 78 866479
21 32 515818
16 24 50541
13 20 327643
24 53 675120
26 32 483004
45 68 203552
26 53 59464
30 31 290728
17 92 3258
76 85 384759
9 58 69332
2 25 956095
39 94 810394
9 72 832888
10 61 805910
57 69 635356
35 38 56980
58 74 992106
29 37 855141
77 92 882725
56 82 419935
20 45 323029
13 39 668057
43 66 644611
21 29 673584
7 60 819647
12 18 328967
13 93 174619
73 78 357185
11 52 377711
35 60 631367
9 63 738837
8 68 51463
4 73 382572
22 25 403696
47 80 163159
13 38 585529
36 44 957438
47 93 525209
49 100 532042
23 33 821903
17 32 496490
12 94 30234
85 93 170003
25 26 502591
4 64 948666
8 8 784072
20 66 104026
3 46 956289
47 95 225266
21 35 470907
28 84 848581
3 17 173900
24 48 349787
14 48 49931
18 20 549501
37 69 970774
41 56 913019
32 65 54733
41 85 211559
53 73 569110
18 49 706841
47 62 61593
9 100 229227
4 69 406084
13 90 81020
22 37 607879
70 84 289008
57 80 946071
53 92 572460
40 61 298092
62 69 711580
51 74 11717
90 99 371887
11 35 834593
13 57 624663
21 21 334213
2 40 337996
3 19 761531
41 91 790152
76 86 591695
21 24 463947
27 27 253458
24 28 801622
37 54 643930
26 64 118577
15 69 631422
54 83 692776
9 75 934620
94 99 804039
10 89 114836
2 65 419236
58 93 766476
7 75 980052
19 25 666413
22 63 35122
13 63 486370
33 96 852829
61 88 904030
29 71 784249
28 46 834581
8 43 915627
13 36 929472
27 96 719455
4 76 115931
21 89 932676
29 83 222312
6 91 420621
5 10 206188
29 48 964848
44 47 307375
62 95 656296
54 91 298686
15 32 27060
17 51 602410
38 70 416152
39 83 116361
25 97 956697
72 98 861426
22 92 860932
30 51 126019
57 95 464741
49 57 313245
42 68 390034
10 23 187684
14 96 719904
38 80 281217
48 94 500202
6 34 694626
32 99 798608
39 49 731511
32 95 127859
5 52 523573
10 75 774460
14 65 256212
5 60 923988
23 26 632403
21 49 678123
28 68 665393
36 57 917875
10 80 574324
35 100 261604
5 81 451044
46 93 700409
30 70 614926
3 84 243247
41 88 157891
80 97 99979
25 76 192985
75 93 159890
29 76 615015
71 90 825040
37 69 768395
1 79 197844
84 95 128934
5 75 934769
14 59 425052
50 70 663613
8 34 443735
47 87 322003
17 82 597186
19 73 390355
23 79 30928
75 87 431198
35 59 676533
83 93 451741
3 12 258538
53 85 683833
7 9 153516
37 86 602274
14 36 514427
25 38 410891
4 97 63645
20 54 425834
23 79 324506
39 77 805818
2 73 922303
13 83 736379
3 37 87389
3 73 67054
55 84 934730
22 61 199004
22 64 783645
63 83 846926
34 89 123380
96 98 193940
33 49 471088
84 95 518721
42 45 185653
23 66 662955
10 36 746221
7 68 651502
71 97 14596
12 54 463591
2 36 121387
27 75 834363
2 19 501783
8 80 814287
54 95 883969
70 81 85776
32 77 14757
23 98 194859
53 90 186694
46 77 921043
32 56 534182
6 10 75713
38 62 231761
1 33 25261
1 95 24913
7 33 866392
90 99 7736
17 23 952003
46 93 877852
27 39 22839
31 34 824340
52 82 278397
57 91 712319
75 83 367845
15 77 996283
9 44 709634
38 78 594480
6 37 617578
28 58 821956
39 84 354297
46 56 773926
25 50 215820
30 90 225030
40 79 75912
11 14 695449
18 45 472147
38 59 362776
30 57 592407
43 90 43328
57 78 467652
33 92 233681
6 59 9101
61 84 788689
35 36 522152
70 78 88904
68 71 419537
23 50 919428
44 94 976965
30 97 930708
36 67 717321
62 63 59983
18 32 88419
2 44 393741
29 77 494557
18 35 660266
78 90 789895
5 21 483912
6 58 150324
7 16 439307
28 72 789306
37 39 821981
74 78 952885
76 79 967658
69 88 572611
53 55 838371
25 66 330054
11 65 933181
11 74 340135
40 87 417009
5 33 943504
4 50 727804
26 88 668655
10 99 798046
9 45 831608
39 61 863389
37 68 832929
4 20 593409
24 49 340517
21 73 528728
19 23 176836
20 20 209393
38 46 836480
13 52 348067
58 58 664352
17 76 899590
68 73 299438
6 10 769910
30 46 286074
3 69 292693
56 68 659863
48 66 699015
28 78 264923
25 87 281270
65 83 217250
51 90 947598
25 53 674122
33 76 329728
77 100 60662
4 45 218498
26 53 157964
2 89 132235
50 92 456825
14 91 242328
55 57 646954
7 32 858924
92 96 564179
52 70 230410
28 60 61994
18 70 547963
33 93 372395
48 53 954637
32 32 987220
13 58 686159
9 45 401768
55 84 383512
22 73 136557
91 94 798976
6 64 277168
2 5 54307
23 95 894014
46 46 629667
12 52 483499
58 95 194021
38 41 531470
38 63 536656
53 76 594944
6 52 903060
6 15 105826
25 67 806495
34 79 289046
28 48 434663
25 75 59011
17 96 182565
51 88 89363
39 39 574102
34 68 191671
48 95 720187
41 60 743136
6 59 234776
24 86 947909
9 25 143222
43 54 149666
72 95 621475
34 61 130229
33 50 122798
2 9 628416
4 38 623470
12 61 773644
6 43 161019
13 73 738595
64 82 904945
82 85 738707
5 23 820786
85 100 448624
3 87 508451
6 19 158097
25 51 374316
30 79 26511
59 82 751418
33 69 734603
75 95 847294
79 88 890215
13 56 135726
13 62 377354
36 41 798337
70 82 933471
8 69 801717
44 91 482516
35 90 870410
2 57 242205
35 91 863494
41 68 543217
6 65 681842
23 62 741449
18 73 476698
25 80 319718
41 54 798671
14 24 133386
31 98 457957
10 63 854972
95 98 924919
92 99 705031
15 70 713313
48 89 509625
14 30 161859
45 79 311334
3 48 921666
35 82 715173
18 68 16392
8 34 169872
57 93 568578
12 21 889029
42 84 996511
5 77 449705
61 75 744597
71 97 949730
2 41 902558
10 76 865627
34 36 662325
56 59 388995
34 44 821211
29 82 527948
2 64 258134
59 80 811949
42 67 297135
30 46 134946
4 41 266994
49 68 302377
63 100 243184
29 62 743877
16 32 368701
63 69 104125
53 96 901684
48 98 979036
74 86 783409
17 84 229232
26 75 374932
34 52 332109
31 37 720067
14 50 92874
80 93 443238
59 83 835841
25 55 634090
36 93 725713
42 66 339712
96 100 229213
2 75 726494
1 66 488780
88 95 646139
43 74 607817
17 36 112917
28 36 712578
82 90 546093
32 81 289707
6 61 535687
73 92 17083
29 81 502189
65 83 37164
47 89 666603
18 96 244285
52 85 201746
42 100 859569
51 88 230711
28 100 386511
6 75 290034
13 25 912610
41 55 633826
49 79 779512
6 26 650726
31 86 81253
11 28 730916
35 41 287872
23 68 215620
52 72 375075
9 39 951347
55 81 507629
47 93 646755
76 80 32705
54 86 140999
34 70 129094
18 59 557210
56 68 229159
41 73 900183
46 70 410195
46 91 273984
5 73 612860
17 22 290969
6 49 235929
4 13 777196
73 78 114150
18 59 187269
80 94 964513
10 100 542581
12 79 299534
38 92 274321
32 65 191986
11 18 118129
47 82 984601
24 26 528948
1 55 262289
49 80 137529
3 23 708526
27 56 47846
57 82 418375
63 96 121251
9 31 413878
56 99 872350
33 63 53914
61 97 826886
52 86 630230
79 94 2450
85 98 359186
6 99 890617
45 75 249590
67 82 922490
16 100 646644
22 73 833427
90 94 137661
86 98 99980
30 76 440521
33 88 166764
8 68 418578
21 41 947199
51 61 55319
25 96 535577
57 73 866523
41 55 229772
4 85 65062
7 19 285682
39 44 934849
7 47 158055
12 37 205819
59 62 292366
5 65 411433
53 60 360138
12 87 859487
71 88 502404
55 66 940730
30 86 62953
17 54 183640
32 37 923179
52 94 712285
7 76 426430
40 60 738542
79 80 521498
63 79 45495
20 51 886781
24 59 944423
36 43 397416
72 92 709040
28 35 781856
8 44 949898
53 94 998060
34 92 608303
3 44 120667
47 76 522910
52 78 266174
7 47 298970
40 88 440744
39 100 380842
97 100 330227
43 99 130265
82 94 34300
1 57 244470
10 40 942563
36 95 783508
10 76 52430
8 54 122952
46 85 41509
38 39 750191
22 48 987222
6 29 521832
27 40 626384
7 48 686804
39 93 927306
52 99 894939
6 53 397372
19 83 16616
55 71 64418
68 93 628266
29 36 825918
27 40 991699
45 47 269012
8 35 969947
52 83 469998
29 62 630908
38 52 234456
21 72 418742
56 68 885412
11 86 37450
23 99 282341
54 77 604544
31 39 682933
75 100 445923
29 63 443825
26 74 842306
27 74 599801
48 78 555184
27 97 579123
25 45 384322
28 65 347400
38 64 64278
27 52 561187
23 44 548872
5 78 344311
12 47 863356
24 75 926712
53 82 476698
45 68 451870
35 77 465547
7 36 281256
31 49 922815
6 44 300117
20 23 257000
65 91 444714
7 58 811326
19 28 714481
2 99 935163
30 62 133494
11 34 207902
36 50 920075
10 48 779563
58 72 734787
10 23 368039
79 82 615096
90 100 88862
22 77 173063
4 80 116255
1 50 51665
95 97 448445
9 60 462778
13 47 622542
33 88 506731
11 55 726701
77 97 281426
90 93 802297
50 59 590046
12 85 336854
44 72 826950
3 56 891817
69 84 808962
4 80 678686
82 88 558542
42 79 604900
40 96 438253
10 67 420846
1 40 861601
80 92 794609
64 79 987701
10 68 274603
20 48 169717
41 61 232856
32 88 335411
49 95 142141
7 13 786626
52 57 47903
63 67 710780
22 65 192330
3 83 864766
11 79 668045
59 86 84521
39 92 774203
29 65 787489
62 75 891690
37 45 296335
74 77 684917
16 63 176161
33 97 899067
15 34 649799
11 18 602720
33 78 163062
1 47 192841
26 97 86759
47 52 733219
65 66 748182
49 63 100059
45 71 82565
25 96 753252
3 54 774649
28 74 51638
1 24 334138
14 74 929995
87 94 72021
77 89 805667
31 57 498204
1 36 453823
12 43 523234
9 22 592872
56 96 701633
82 100 784551
46 51 191894
12 87 58572
7 48 372610
15 78 425258
36 75 993961
21 82 550359
3 46 778421
15 48 887790
83 85 645010
61 81 649999
5 76 947953
22 61 214875
5 51 5318
35 87 151035
56 63 410380
54 92 166808
37 57 370111
10 15 201442
15 35 328159
4 8 420300
76 82 317106
41 76 120140
78 100 943168
2 87 72989
4 33 425878
38 53 163583
40 84 18630
64 88 56947
23 71 77987
26 73 804290
11 91 429959
36 91 370229
61 88 22672
52 73 357020
76 95 460444
18 70 492618
50 80 440787
35 61 190997
13 90 295323
60 76 129816
49 96 467427
19 54 382451
71 82 262555
78 92 877831
46 73 832760
40 91 738493
22 82 268339
46 70 136062
78 81 856649
84 85 415291
10 48 15930
16 16 579748
28 70 268300
29 98 93618
11 69 408391
23 37 232928
9 53 33976
40 67 174763
21 31 658353
12 25 834776
3 90 133253
15 49 422061
66 86 408783
13 81 406516
17 74 909738
43 58 599613
54 69 997688
30 91 321371
86 96 197213
45 45 699492
77 97 981635
13 27 374899
18 86 437845
20 74 843048
56 95 743303
21 95 41573
14 18 763659
43 96 88528
15 46 939995
85 100 994006
22 60 800179
39 79 551204
50 54 660310
5 34 833582
16 47 842310
30 80 24938
7 22 282511
36 100 294483
31 68 361531
2 55 625577
59 76 915357
54 86 405550
70 84 209032
22 83 416872
79 95 707287
59 89 574436
3 20 703653
63 85 879983
3 20 941332
37 40 213981
30 78 550728
32 74 191428
34 82 123691
50 71 813632
8 53 253865
55 89 762030
4 11 258355
71 81 129139
31 80 406654
14 33 778485
3 40 356547
25 98 251166
12 59 432383
67 74 760094
11 66 409586
68 95 80104
77 89 873122
8 88 239922
48 87 231576
76 87 567224
39 89 622431
59 97 5752
85 99 735818
36 85 183989
67 92 810092
54 69 689717
36 92 927136
25 94 144005
15 18 619649
28 99 469426
32 96 964337
14 32 675472
32 73 504917
81 84 364341
31 52 193492
42 78 288381
71 93 832861
4 34 925765
3 30 344097
29 97 435058
2 53 243347
60 90 151850
62 85 886125
53 85 436888
56 87 151532
35 47 367914
2 33 931216
20 54 881428
68 99 431199
32 42 373260
1 83 147105
6 41 596942
47 64 578404
44 90 995159
23 47 787192
29 99 974124
14 74 280177
35 56 148435
47 83 200426
6 93 532503
16 89 105214
40 97 266246
36 47 458191
33 44 548084
51 72 411650
65 96 378679
30 50 59391
68 94 522539
38 78 484275
59 69 97198
52 57 303183
5 69 730467
22 44 510920
36 63 898032
88 89 983191
42 55 105282
31 61 334009
5 56 154118
36 71 243759
29 44 467952
58 88 536445
66 82 655159
14 88 800364
7 39 492372
1 29 403722
30 84 849992
14 93 581095
3 69 368277
59 62 566743
72 88 490626
71 86 500597
32 98 751770
10 82 181597
70 95 493867
22 74 968687
17 94 820361
21 70 323536
9 99 437578
22 98 183914
14 24 657610
47 72 390697
50 67 773159
20 86 906879
53 58 551748
16 87 158175
34 68 885256
13 80 138883
58 59 509790
32 55 218408
11 32 388596
9 37 216783
1 30 737982
14 71 540732
56 67 630194
16 74 428408
4 10 388108
14 59 208401
41 82 670666
75 83 267287
4 75 557103
64 98 658271
25 71 591362
15 79 195713
11 96 362574
32 87 804508
26 94 124449
51 77 112783
23 39 965647
11 39 817919
38 90 23918
3 39 97750
18 42 705306
18 69 757761
9 54 909233
29 57 893615
51 60 339478
17 17 463254
26 65 125232
26 93 549296
21 89 324714
14 30 252152
14 56 133618
56 78 861999
24 60 44668
16 64 133340
65 88 835903
16 46 215045
34 67 166133
26 76 842937
66 73 509917
4 43 375176
2 94 117818
80 98 640199
11 43 68819
21 36 667918
52 67 644467
8 10 59388
34 70 210536
20 85 540080
45 53 785350
41 57 69008
6 41 511460
61 69 400196
13 38 550235
58 72 614969
2 98 10252
1 59 581153
31 46 927834
11 12 552559
13 93 2602
47 100 477597
5 38 175143
70 93 884072
70 73 690498
40 44 626961
31 35 552812
6 51 754908
56 88 114653
50 84 259475
51 63 566222
47 67 514434
2 23 663616
2 71 110458
9 13 489782
2 98 759184
24 99 701173
27 78 583197
15 73 214216
93 96 176509
43 67 232512
59 73 883922
25 37 414126
64 69 371329
32 47 171434
43 95 57714
56 77 945934
55 79 579091
39 71 418617
38 66 975699
33 88 806670
10 100 929641
19 68 851508
58 95 759116
37 56 710742
1 83 472954
70 80 9378
46 71 452212
36 59 597773
11 69 7294
28 78 745931
83 89 76130
37 75 261337
20 84 831532
28 40 918005
9 42 670637
29 62 880034
26 78 268858
46 99 558759
14 47 454572
43 67 438863
38 90 748191
14 97 372841
19 43 262518
62 65 606727
57 67 825427
4 81 734209
15 31 677730
18 70 688241
81 88 413261
25 58 737462
40 58 991943
46 97 390579
70 93 390275
1 93 628879
3 58 889276
62 79 138549
25 30 999021
2 89 108948
24 55 471128
24 69 684446
62 76 417281
20 61 999563
11 58 209394
5 84 853269
37 50 193911
56 91 898171
2 95 70049
19 52 316672
4 82 61893
12 52 982635
43 78 480956
18 89 533511
25 47 328483
13 68 876771
69 75 962202
50 100 503377
28 87 679175
12 34 373929
44 72 233682
26 40 861253
46 80 347753
81 93 429380
11 35 876667
51 91 362121
55 83 543231
40 47 588348
20 91 866028
26 41 615110
20 96 201985
86 93 245270
4 23 527292
8 42 397025
2 3 999205
11 32 646875
4 99 243459
79 88 274561
11 26 831843
4 23 464210
50 67 843798
41 86 441167
24 90 868657
68 70 873728
44 49 818829
28 35 406128
76 98 664007
9 12 870766
25 81 825279
25 27 327436
50 82 186203
4 8 594210
82 97 769987
18 31 19018
53 60 7653
13 58 829795
4 63 465201
54 82 701521
54 89 449435
93 96 81721
5 46 645086
20 47 291399
16 39 528181
38 66 550314
7 54 45090
55 72 514900
57 73 233450
6 73 304701
13 87 224213
13 91 36831
2 26 799408
63 81 71801
58 67 980236
28 42 371727
69 78 554686
21 45 236966
42 47 731231
32 96 374410
61 61 204
3 48 29130
14 43 430309
36 39 495032
9 61 609552
24 85 376620
73 76 219190
15 32 367232
33 72 261250
4 98 718164
3 11 956391
26 98 219721
48 65 896345
13 70 960903
8 21 762769
17 92 501625
14 23 168203
76 87 175182
16 45 583881
48 80 357113
8 66 301007
42 42 825008
36 58 478823
15 91 250158
23 99 914334
69 95 636978
80 97 202819
83 92 297664
58 62 175340
19 53 141405
54 99 481266
2 33 339349
22 82 407346
22 81 226871
35 47 15821
8 73 73877
34 44 574311
47 92 200135
80 96 382569
46 52 675751
38 77 523201
32 74 542037
45 75 418015
64 70 760306
6 80 532472
62 100 76327
13 80 312708
14 36 742365
56 80 449282
70 78 42756
34 57 375473
77 85 33742
55 69 835286
73 95 26675
2 85 785403
37 46 465965
14 76 834476
30 83 398268
17 71 797819
17 69 740321
27 94 64763
79 97 227173
66 99 403014
35 85 764881
17 35 203257
77 80 636981
34 72 407733
14 62 545635
61 68 238366
18 97 482099
17 60 605150
2 62 901696
33 79 265632
10 11 733735
52 96 177367
44 50 665613
4 77 581111
39 64 126807
10 77 89401
40 75 663345
59 79 706905
45 66 981578
2 38 625370
51 87 612501
26 69 906558
33 96 309512
62 91 132496
6 52 311902
70 93 508636
15 34 980695
50 79 970996
15 71 453108
18 64 945003
65 85 178110
25 84 234972
25 70 945470
5 94 111266
48 89 7492
10 97 974238
1 72 237474
39 70 106550
32 66 114032
31 50 737427
1 54 541705
5 70 761057
78 99 46922
18 48 69905
27 93 989656
31 71 328664
7 10 543576
52 87 702894
8 71 205175
11 18 235538
73 75 90914
70 80 789443
2 87 58700
52 96 349127
45 76 451629
29 72 24870
3 7 419968
14 69 617965
32 35 550402
3 17 921134
19 34 384888
53 86 103740
64 74 86503
74 96 305778
65 71 30748
29 45 538027
34 62 599972
72 82 284489
73 96 353810
30 70 159088
47 63 275711
14 41 211849
69 96 696259
13 30 883330
36 56 607935
81 93 261579
69 90 615828
19 66 393305
49 86 839595
31 66 875237
24 46 323565
48 58 628844
11 37 256650
27 55 510382
34 59 770613
7 24 731889
46 51 829412
25 40 104125
76 89 610578
19 38 522463
21 25 273407
8 76 128553
20 98 330221
26 53 730222
44 56 545954
27 94 546441
21 70 219691
51 62 570261
8 84 911253
80 95 366516
24 86 570228
5 7 698762
88 93 127646
85 98 725953
6 74 967214
28 58 775237
43 62 582916
52 99 821639
66 99 466881
54 88 923388
23 87 189198
74 75 207069
8 33 265173
38 51 850726
5 20 489220
7 25 525402
59 65 770766
29 75 350780
20 33 873964
28 53 947413
53 96 201494
21 63 388274
12 36 291213
17 94 983333
13 67 737874
11 94 449601
5 42 124334
20 86 493345
8 20 346219
11 57 348128
51 55 204311
19 28 80416
20 45 867014
84 86 786437
17 24 907022
2 85 268217
49 86 826698
60 99 537256
78 82 894746
10 17 174211
24 53 718560
18 91 811711
84 86 401858
19 76 775445
16 19 493933
29 69 220290
61 71 552974
20 69 904903
23 48 885209
67 89 612327
10 68 81988
5 62 446254
32 36 769931
77 81 541286
24 68 92203
2 50 16290
4 66 982953
29 92 799478
19 78 682891
11 45 376826
71 72 93020
54 61 965260
43 68 474474
29 90 349069
63 88 247689
63 80 935138
28 92 36751
27 72 698611
28 46 304087
11 15 972141
58 82 975809
55 78 209473
15 44 300527
1 17 658852
10 47 80776
1 50 392783
27 69 304310
24 69 620735
28 33 821738
7 61 603188
7 19 674773
3 27 756276
13 33 30766
87 92 128776
21 92 95408
36 49 60091
73 80 882203
6 20 844384
8 93 190577
46 76 462347
35 95 580409
36 82 775316
15 82 69949
2 17 112346
4 45 622734
23 72 501116
7 51 725309
30 90 584159
71 73 466977
86 95 520685
8 56 765014
70 87 754066
11 16 242297
62 91 876287
63 96 848751
5 80 921770
55 100 793694
44 53 820682
23 47 758449
14 44 606173
46 94 785238
58 94 223523
31 95 999425
55 94 551266
29 42 725096
75 91 65379
15 44 867143
25 94 996017
35 78 335388
44 44 946463
37 52 890154
33 38 448513
21 79 884536
45 83 304559
24 87 522384
34 43 179528
1 67 72067
33 48 281835
20 47 837538
2 51 731517
7 91 934852
17 43 263912
33 34 546181
39 41 718553
26 49 69187
17 62 179519
93 95 543137
48 69 563088
23 78 973126
61 79 322245
8 49 21212
16 41 252507
41 61 294036
94 100 567187
32 53 758943
2 20 722033
65 90 128948
7 64 453566
38 42 583183
42 73 975560
49 86 690286
24 26 675743
26 78 948628
26 74 757400
35 60 512776
28 94 849036
33 59 455252