6223
4 84 131346
77 78 173264
1 5 665553
39 50 328200
47 93 113871
13 50 125989
34 88 683178
20 39 55768
82 88 917252
35 45 885206
57 63 387398
4 41 319257
15 56 564954
49 50 253660
49 76 455854
18 88 140000
29 61 166070
35 49 111979
16 34 962217
4 31 644614
84 89 257793
71 81 227900
6 96 546557
24 66 60256
19 35 352224
53 54 72326
34 41 848816
46 80 66503
6 72 773370
5 15 74495
18 44 841612
59 69 201616
22 34 441848
16 30 413407
51 68 12565
35 90 872916
12 69 913855
22 45 82716
24 54 199764
17 65 10409
14 16 478839
83 96 399790
7 83 304015
17 46 284645
80 97 619207
52 96 325835
28 32 431821
41 57 305697
31 83 541013
49 95 950315
10 34 195029
56 97 247859
31 89 256649
38 97 969860
86 96 669423
36 67 918833
65 65 453194
34 96 408590
4 9 494753
45 92 29492
22 78 157951
10 59 76800
19 48 545331
44 57 568850
41 72 281999
3 47 30415
49 64 204778
8 93 493281
17 32 211936
97 97 86901
12 18 365775
13 91 917178
7 16 817818
66 70 585255
33 83 986472
35 68 759731
5 48 677540
41 91 197020
96 97 792060
59 81 655395
14 43 794917
20 21 640076
22 45 250899
27 79 255073
18 30 787459
65 77 642221
4 75 873011
42 76 630211
40 81 228774
1 83 962615
55 93 126115
66 100 201890
78 79 516277
7 71 521953
20 44 709483
81 87 965972
35 69 59543
30 74 271137
77 85 456080
43 84 878640
16 78 448754
17 50 859246
24 69 985307
38 81 779661
27 64 325614
41 97 913664
20 85 770194
15 70 974658
34 100 453810
23 94 355726
77 79 341885
38 78 259301
1 87 529701
81 96 983822
5 92 892834
26 35 57679
20 35 912494
29 91 412343
18 29 619976
9 9 941078
20 66 134643
48 76 407169
31 55 667254
11 58 458897
31 50 690588
73 79 18723
26 38 822516
30 39 9879
6 16 183760
3 86 383443
45 95 167495
19 20 678655
25 29 644213
6 8 759881
7 90 183416
41 72 877216
60 72 691572
37 90 26491
30 62 892302
47 78 547793
1 30 282162
32 32 153824
22 84 91790
4 66 275497
2 13 434647
64 94 252913
66 82 939969
19 86 515775
11 100 320969
94 97 429986
56 100 189741
70 92 308458
19 45 700273
9 57 62764
8 30 969946
54 100 144129
37 97 573812
25 91 306822
37 54 654414
2 91 141276
40 41 92602
33 59 361382
18 94 212751
33 71 544336
84 99 449257
7 78 25860
70 98 788583
22 83 899189
70 87 800362
48 50 130774
27 66 391834
12 99 579554
17 76 894242
58 75 296916
19 30 426289
84 99 852142
52 83 626617
5 72 911220
6 35 244082
68 83 923888
47 63 292374
76 81 109806
4 8 764772
91 99 897087
39 54 308959
34 64 941049
46 95 698959
51 93 569715
21 40 460285
47 79 598858
6 33 992761
54 68 388193
3 31 404309
11 36 347803
14 65 767465
21 42 130913
27 89 801999
30 62 816417
10 99 133798
20 23 359946
13 78 123921
32 87 544275
2 94 70072
13 55 494195
15 30 906884
9 67 548137
3 70 648164
72 78 245620
51 63 886477
3 32 914393
18 94 784180
78 82 245794
66 84 790548
68 85 522203
33 61 833452
35 49 703573
10 34 521535
57 83 869414
58 82 408213
44 98 295333
18 44 289527
15 71 207024
2 7 10485
59 94 304679
11 47 293217
75 83 717680
32 71 988179
57 100 904883
15 26 22757
43 86 603614
71 92 667766
43 72 375137
20 26 37546
7 50 289521
10 91 762470
47 86 666886
48 75 74966
21 28 137759
5 40 156969
89 97 393723
35 35 176657
47 95 283743
8 62 444870
29 41 760981
63 85 142850
4 10 437161
10 83 843461
61 93 829868
34 38 987728
23 36 941364
12 66 287147
43 49 123608
57 64 389922
39 65 708598
41 92 825857
24 67 555502
72 79 425246
48 55 258790
57 73 871502
5 15 853447
4 17 785772
23 45 221628
31 98 331159
11 74 450808
55 65 271347
68 70 779951
70 89 876965
70 83 642010
62 97 684825
10 90 432693
23 71 933054
27 45 28226
88 97 896967
24 51 588294
74 79 770666
18 93 650569
69 84 619106
17 64 576728
22 33 258542
27 69 683780
80 92 454226
9 9 693347
59 79 896595
2 92 802508
46 48 329406
20 57 90717
55 57 410911
23 71 153719
34 76 78540
40 41 837950
38 56 624538
4 10 747803
90 100 989412
12 92 740860
14 53 975882
41 59 589265
10 65 572077
6 23 610575
41 100 401974
7 28 248302
51 70 499470
5 16 365293
3 63 344677
10 94 920203
39 86 60397
32 82 856206
2 37 797790
63 95 194046
12 43 934579
24 92 50920
17 42 366313
50 71 583005
67 86 909381
15 86 927923
49 75 765964
67 78 899841
21 36 991114
55 71 76837
51 93 842958
26 37 507136
83 85 378283
40 41 507894
84 92 250743
16 70 479473
97 97 768333
23 36 834140
25 99 491981
77 77 321258
9 65 710936
17 21 212431
57 59 3607
34 65 666756
47 51 441843
41 95 165958
67 92 693148
38 48 112981
35 40 566597
71 82 947447
18 100 991524
29 69 258228
81 99 706164
16 71 637849
5 31 816565
17 19 792055
19 85 800808
1 18 271588
4 95 729430
46 52 348023
81 97 744712
36 67 831630
44 94 472462
19 59 160266
21 78 39611
76 83 717391
28 61 916261
46 72 714503
46 69 764008
45 79 700446
94 100 231393
8 54 13637
49 69 900533
24 45 195633
30 34 290505
36 37 635931
84 99 662986
31 42 459775
5 60 557093
7 44 387168
31 100 945037
58 62 922944
12 64 460603
60 80 412267
95 99 761127
75 85 51435
37 75 717906
9 56 23378
51 57 763133
76 79 236086
1 29 219441
65 84 699694
54 56 172919
11 13 611289
73 93 450463
5 55 61973
47 58 34620
4 64 373002
3 88 884068
14 64 480990
42 93 335091
14 48 601408
23 84 787718
24 84 211040
66 73 99202
12 57 854643
83 96 872717
9 72 361522
91 92 973713
73 80 832090
39 56 528830
15 66 422763
33 36 666503
62 87 109995
77 86 798626
16 52 871330
14 37 112523
36 93 547870
14 76 647679
72 83 484078
53 90 299779
89 100 20137
18 24 120541
4 22 459815
55 99 176855
9 84 64196
52 84 796865
63 95 965730
40 48 463854
34 45 561573
38 46 133172
5 75 727799
44 48 914095
57 62 74692
38 99 221885
33 99 200893
68 71 535872
85 95 694295
25 64 697825
54 97 848331
15 91 216394
38 76 674518
54 56 685609
25 68 233912
35 95 446130
51 73 617271
63 70 655323
18 54 686811
22 75 666911
43 83 662130
13 33 457662
58 58 17675
32 84 238138
30 71 555005
40 56 709658
47 78 656416
19 74 970280
28 32 517584
56 92 281588
9 79 54063
6 62 711953
38 60 100833
8 98 444309
11 69 530832
9 51 844636
28 73 656552
27 59 747716
74 95 261402
90 99 779632
63 78 226396
19 76 334854
51 68 923621
12 58 598003
16 33 588850
29 35 451684
53 74 896710
70 98 103053
2 100 586212
38 94 808740
40 60 920917
51 71 502885
46 99 20583
86 98 386382
27 72 830057
23 27 518690
18 85 934194
31 56 106215
24 73 955610
28 46 614186
83 96 992701
1 61 555704
8 48 790845
38 82 645733
28 85 906815
79 100 256776
1 48 976938
47 54 243642
26 96 769966
8 65 103772
97 99 17721
29 32 706960
18 98 786305
1 3 7229
10 67 342335
9 98 863949
1 77 369520
26 96 831921
2 81 948693
51 58 826586
36 61 748530
90 100 619007
19 31 706896
5 8 357532
46 53 289341
72 79 106735
31 84 610440
43 100 500346
14 20 485128
63 74 611590
56 77 508373
47 47 258141
10 36 243147
31 100 413581
37 75 325708
14 31 124010
1 73 823165
53 64 807755
11 33 94150
20 33 446537
76 93 309076
11 23 898757
1 21 216472
5 90 352737
22 91 734152
51 100 161092
70 79 213019
4 20 495833
31 54 940879
2 25 894094
5 64 345700
8 63 282775
1 93 720992
91 94 138667
15 20 814668
8 73 615491
12 91 577140
6 15 340832
40 95 477033
24 66 840836
57 60 599167
1 32 447926
24 57 430225
53 86 648897
21 68 589243
22 59 899763
4 20 115677
55 69 64096
34 73 427100
13 100 442207
2 56 305378
40 74 514250
11 95 58780
63 74 768447
18 88 798265
7 91 611171
3 97 686767
53 87 399644
51 72 822200
14 20 521685
42 100 339215
13 66 877949
26 60 898421
8 43 614470
4 62 620592
45 58 364519
12 65 709513
28 40 780316
3 26 525388
7 14 869411
62 93 79498
24 67 375679
14 94 200663
21 75 532599
42 59 686542
18 72 936086
12 48 970315
63 78 438570
44 49 608302
8 94 856199
25 27 5085
8 36 333060
3 30 922944
33 89 846395
79 93 782276
42 87 271307
20 40 299418
50 98 315031
69 76 826616
32 43 863046
57 86 909525
12 85 220995
46 67 980527
22 34 714684
68 92 644679
34 59 58725
15 80 88865
43 46 146997
3 83 105287
1 43 759910
3 45 204549
80 94 735671
31 34 470636
82 100 415723
22 37 220625
78 78 739337
4 9 418636
35 75 947036
17 43 11452
27 77 727410
20 32 195072
25 72 271519
57 62 173886
49 71 638202
30 33 127902
46 58 342749
53 91 443277
31 33 977575
23 33 208381
18 54 42875
4 100 673697
88 96 460480
32 53 220404
42 50 475745
3 95 78769
40 72 336653
45 64 38682
27 35 168310
47 48 276723
12 47 290195
7 26 780102
44 67 535840
1 84 327135
50 80 380251
10 44 413391
45 54 610696
10 44 713131
10 95 210988
21 100 662859
84 97 443347
56 70 508494
11 85 320331
27 50 872595
37 49 855912
17 42 423360
23 40 693057
10 93 191485
85 99 305904
49 58 555000
87 97 601236
23 87 732256
22 44 475920
8 49 984044
7 92 614924
17 40 744531
9 83 300272
41 96 533652
18 82 497454
23 60 844909
24 88 755383
24 64 776486
2 72 419139
38 79 618566
22 50 489996
15 27 139865
65 99 395409
67 82 532915
15 35 118357
13 47 754150
39 86 8416
65 73 521164
30 33 406779
13 37 384385
82 87 946357
60 81 460008
31 47 394339
71 98 393636
45 98 969689
54 77 230622
89 96 498932
64 84 992387
23 32 655314
15 34 108101
30 64 329303
25 98 565976
82 86 507432
70 89 654964
17 25 762353
18 33 35671
25 86 614433
6 77 599618
18 98 145962
1 62 269306
10 22 94724
79 92 882438
14 52 878697
17 82 851061
57 98 529176
48 82 832664
45 53 660948
10 46 470082
21 58 281316
2 71 465485
17 53 301139
24 44 604374
7 15 183984
28 82 268157
54 81 779598
70 100 429672
40 70 246338
32 43 791103
24 89 369321
30 52 107376
12 55 917858
6 13 316266
46 61 58830
5 87 499428
2 57 588181
4 15 841814
21 85 657826
13 89 113084
78 99 102372
70 71 427928
5 18 199949
1 87 294190
57 62 539093
70 85 665352
71 100 672630
34 60 502578
58 87 293296
58 70 762878
12 57 912580
57 97 469631
11 12 307770
37 89 541711
1 42 452317
31 57 293451
40 96 415228
44 65 374291
40 42 128618
31 49 494093
15 75 932028
35 62 698914
42 76 624208
9 10 250493
69 70 716226
11 28 377937
21 54 361846
70 77 36562
24 79 989140
58 63 207288
53 91 184133
45 90 673666
11 57 232441
60 98 214447
53 74 422370
21 59 627844
32 61 579448
17 54 391499
92 93 707253
12 64 487184
4 85 248664
26 60 77093
12 14 490213
32 58 418845
57 64 117217
13 32 373650
2 64 172632
23 44 180641
78 78 404441
72 91 411755
17 43 946231
58 95 568468
3 13 247624
10 47 16197
77 93 969127
11 55 250284
15 100 546995
32 53 903224
3 38 501520
42 42 22368
65 70 239779
26 63 102108
6 74 974616
12 78 488680
69 76 24670
46 78 735943
16 73 219624
22 47 477307
34 82 212459
34 85 653327
48 74 850789
18 62 681359
3 75 956114
82 94 650381
59 81 671991
51 57 8412
30 95 374425
53 89 160086
48 87 200452
69 89 216088
61 73 33607
16 25 538371
26 37 938165
71 71 292987
53 80 288100
19 71 407721
19 48 682351
18 49 544827
7 51 600885
25 80 306721
64 81 691738
51 100 774608
69 91 312131
48 91 723649
62 93 75101
23 56 989296
79 97 213
21 59 845599
22 83 662174
61 76 822931
6 92 321456
26 67 310740
40 72 461957
40 57 152815
23 91 195101
51 69 503926
30 39 908025
25 58 935740
67 96 585570
34 58 752859
60 82 564001
25 40 233968
81 82 179142
25 98 170204
1 20 513572
54 89 601347
7 20 765969
4 21 911183
34 97 720744
37 91 237164
63 87 365001
30 79 762827
59 76 970069
13 79 863648
9 85 380469
22 57 431974
20 54 400274
79 91 769177
1 16 58716
49 69 660345
42 74 100550
18 36 725452
63 98 161286
42 56 554458
37 72 376279
7 26 44400
51 56 735545
30 66 142688
46 54 282477
5 77 923069
23 60 810172
89 93 469793
62 89 848623
14 39 255466
30 71 401942
46 89 569014
36 76 626884
16 94 294957
93 99 210703
39 52 844213
22 78 887122
39 46 217533
80 97 763629
24 77 477237
58 84 848321
60 75 187858
34 85 481079
12 68 342733
84 88 237816
40 75 946467
10 23 27573
46 64 280660
70 70 79198
54 76 109222
4 27 59116
5 67 266465
7 21 582170
95 99 738066
10 85 445669
55 97 287371
46 59 170450
89 96 136287
27 33 263463
52 76 792361
23 55 809262
7 28 542340
17 56 327031
32 59 555154
5 76 291157
18 96 653303
11 27 610782
7 55 995869
3 13 89325
44 44 845935
22 72 148578
21 58 406881
47 89 678239
80 96 309477
21 58 30090
25 40 205109
19 94 729168
34 36 822541
69 73 257182
28 56 341168
64 79 257384
5 86 897248
4 74 656612
28 53 298537
10 14 221069
18 25 312405
93 96 820835
1 38 702327
72 96 632808
14 28 555810
28 37 215394
65 89 281585
13 47 868766
18 33 615807
33 59 564521
10 25 898606
6 35 108119
20 92 59618
8 18 801662
4 8 707077
80 81 194234
31 62 885443
17 63 677672
57 82 354509
59 85 690157
2 73 401368
3 80 522799
17 26 312413
12 35 790424
78 85 23897
8 21 132248
24 61 523020
45 50 275234
67 99 529980
10 14 739884
13 70 680178
42 81 571186
35 77 175225
43 93 987442
5 47 866532
47 98 852015
26 81 436422
36 75 1391
22 82 6394
68 71 395455
33 76 875547
13 22 940396
18 94 112331
6 32 146954
46 67 737327
22 35 898927
13 70 798254
28 36 593335
1 47 775415
60 86 765759
77 84 598203
19 51 629484
47 76 484845
26 96 409316
83 100 999943
23 43 763922
22 73 55366
33 41 817444
67 80 549610
54 56 686670
41 54 20601
10 88 886406
3 33 939451
44 83 299848
61 86 289150
24 30 780945
5 17 366802
13 99 791910
40 68 411467
77 82 537485
29 81 623428
4 51 450129
86 91 551832
62 67 541312
17 30 885737
27 38 879726
85 94 890844
58 79 579441
12 32 80281
8 46 784613
12 68 859405
61 95 861544
31 94 159209
43 47 793181
14 16 96162
25 54 112618
30 79 529585
52 69 646268
15 69 637651
18 63 374976
22 93 238665
30 83 253610
84 94 816599
4 40 745649
10 76 855814
29 77 966606
3 91 394020
36 58 560130
3 80 593281
5 35 731983
68 89 41777
50 74 804028
20 21 114319
32 74 593748
8 96 286199
12 93 435109
24 64 86985
8 95 173315
19 32 251626
23 97 506628
12 52 548548
6 12 811268
5 30 423811
61 72 203681
70 80 42457
76 91 280638
38 65 434169
38 80 991426
23 74 254429
24 29 563928
46 85 712770
42 93 533806
15 99 522665
7 36 480760
16 49 978838
41 82 903212
88 98 949202
24 78 753926
16 25 800619
44 55 46980
1 61 526257
58 93 998185
24 94 477049
47 77 570940
9 41 467419
50 61 128904
30 93 67062
24 88 901211
49 75 453225
13 81 984777
17 57 903961
4 8 242728
41 77 709168
40 52 404884
55 96 981595
8 83 522283
31 79 340169
38 89 339728
39 59 929968
95 96 930346
39 80 686218
3 99 303204
12 56 437266
10 48 945004
14 60 325833
74 86 590198
38 90 20342
42 59 775097
6 72 14047
61 100 456303
64 78 867731
4 7 843351
74 81 889058
40 88 330228
12 14 705761
49 93 77901
42 99 97576
30 49 988141
12 74 512662
48 96 258658
3 94 160074
23 27 817664
55 95 329450
27 100 429214
71 95 388126
20 31 327189
2 56 29523
28 52 167878
55 81 307259
12 85 441236
5 18 419081
67 79 143268
45 94 63415
32 71 21921
11 48 227138
11 24 459004
78 86 628523
81 89 55462
5 80 74486
18 26 720023
18 68 628973
1 65 555336
37 89 697180
81 88 832570
16 29 903892
23 95 626544
56 56 982698
34 57 578543
49 60 292407
63 73 515010
46 95 134743
37 41 946810
61 67 783468
19 99 370792
15 22 47899
29 94 811428
21 65 461772
15 26 558408
5 61 562797
25 97 654963
12 40 12781
94 99 308616
18 100 245059
45 86 416494
53 76 655910
14 47 312528
69 95 973972
42 52 444060
57 100 797518
22 81 766599
17 39 726680
18 60 380805
7 81 603580
73 99 174803
50 70 204998
10 46 11311
19 32 969031
28 31 779932
52 68 62868
8 77 811361
16 21 507526
9 45 664009
44 60 50169
32 63 664483
33 45 473040
11 76 398913
23 85 878509
3 62 500667
29 85 256188
32 100 225067
31 90 587687
12 35 518384
8 10 308577
15 40 849645
36 39 847325
63 71 360073
13 28 323798
24 89 728879
55 76 134727
60 91 637326
17 30 837810
54 75 672472
8 34 327387
11 14 744581
4 61 47820
55 98 691087
31 60 846929
53 70 746485
44 81 421243
5 38 955130
8 10 166879
42 82 450533
64 69 135830
12 43 424833
15 29 910013
31 42 383709
29 35 774644
30 84 219915
58 97 979041
68 98 806563
18 38 761068
30 32 943999
14 32 768963
59 67 167422
13 81 642197
69 97 487363
21 57 191001
38 61 276662
6 37 733126
20 99 129792
10 54 737499
3 64 439824
49 86 495894
68 90 447323
1 4 100031
10 37 58069
97 98 547229
5 22 722491
89 96 917437
62 69 148044
88 97 796912
24 79 36745
34 48 284619
58 76 160826
27 50 720487
10 13 221802
26 56 556513
6 99 890856
67 99 917273
11 77 298950
44 96 797045
2 66 951196
7 8 197149
44 85 146372
14 83 861439
52 87 492189
58 85 574475
20 36 751115
28 59 513333
38 91 347379
27 84 323128
18 85 593857
26 57 310479
24 96 669220
9 88 171644
50 65 142542
11 47 734084
27 52 229047
55 65 685935
13 31 376345
16 48 454154
29 91 679987
25 96 212902
32 54 633481
8 27 452312
47 79 416992
24 45 790841
22 54 114436
23 87 205030
18 69 868420
37 84 801855
6 65 802098
51 75 758122
55 62 399782
62 75 804304
10 53 160762
7 46 272988
6 80 46734
17 89 256385
48 76 40643
67 86 392819
55 64 997889
3 58 131563
10 75 575411
24 85 294245
25 34 993032
46 55 957219
2 2 997939
34 72 992361
88 92 28842
12 30 284289
41 81 667048
41 89 727032
57 87 169516
14 31 868061
34 73 725626
72 88 472774
31 81 124183
73 88 973452
67 100 778319
20 96 181324
44 79 990513
13 61 698343
22 55 79887
24 30 155457
5 50 91585
66 86 569603
8 34 273377
55 64 136859
10 72 641935
7 25 375993
58 96 400428
46 52 477842
24 70 37665
47 82 872222
70 76 546519
54 94 766044
44 60 784958
40 95 125323
67 75 598920
81 91 942768
31 37 710893
8 99 184661
60 79 686951
56 70 990918
12 53 629750
67 81 653781
3 55 745627
33 52 641749
3 33 255903
25 52 497120
11 89 886347
39 41 167955
6 51 357743
2 92 280975
4 96 322973
86 99 10232
31 68 144877
26 55 71736
68 68 576698
65 79 311866
33 84 911009
6 54 414897
58 96 77063
19 58 547857
69 78 754321
23 96 306899
54 93 497003
5 93 472563
11 96 648132
84 96 880180
45 77 843855
47 48 188440
35 74 159938
17 60 875498
46 72 199064
40 55 944630
29 100 103761
56 73 396110
1 53 673710
34 76 712709
67 91 784184
47 90 608630
16 99 144312
55 96 475772
15 94 563774
47 96 247288
14 19 92188
40 45 222160
18 28 563242
12 57 603821
11 48 882883
59 100 998011
5 72 770116
14 16 498155
81 91 100050
13 33 864562
76 81 95442
70 85 111112
37 46 705009
12 89 280748
5 91 423644
48 82 444061
21 80 125574
6 70 232929
22 43 984551
90 99 958592
25 73 231482
28 67 655879
6 53 630588
53 63 625800
1 48 118642
19 72 440598
22 76 584161
18 56 934348
23 37 89750
7 15 93253
8 32 911262
20 90 917603
43 58 979852
40 96 585674
9 53 529017
48 71 680163
6 31 994557
4 95 311004
26 62 255481
67 99 89637
8 19 972942
12 21 119923
67 72 315813
8 45 425087
10 36 747751
2 44 138054
73 95 771908
9 45 508744
12 37 794607
33 86 895243
44 73 214302
34 47 195799
74 83 346444
85 88 581753
43 51 19769
18 42 991171
32 46 988327
39 56 499656
46 86 742556
1 96 421795
48 63 267237
16 97 469231
26 82 316239
50 73 246414
6 32 862446
35 97 510052
70 83 394136
20 91 231963
52 60 948008
10 36 602719
16 77 307838
10 93 751585
92 93 748347
44 58 307990
1 81 589768
9 44 205815
18 71 799503
68 97 864896
19 30 839998
31 81 714484
41 71 428168
21 55 672086
59 62 183206
3 30 641007
3 42 861712
39 57 16716
74 94 905863
56 83 189695
31 85 231500
17 76 498587
35 48 278056
46 72 615483
34 42 439717
17 55 752058
29 45 364305
26 85 304058
10 11 83584
24 26 941471
51 66 750856
8 51 117971
59 92 731844
14 69 933890
28 60 302164
32 51 915165
23 70 666202
1 48 128857
16 22 759548
65 86 206767
65 94 508647
27 95 167004
25 95 569928
46 51 663137
74 81 725139
53 87 366209
28 46 57406
71 88 572424
34 58 96325
23 75 449280
26 38 340261
88 96 655228
74 96 489763
19 94 6416
36 93 728197
91 93 133652
18 77 763862
3 4 712934
14 69 469988
3 100 110439
13 74 163203
33 70 506300
66 78 837705
69 98 859341
4 38 253841
21 41 406471
32 76 396411
8 9 229979
5 66 52265
95 99 472766
13 84 15810
88 99 925993
93 99 445488
66 79 258201
27 34 610020
17 39 382798
41 65 971791
45 81 926286
67 79 810280
5 38 534498
7 38 378922
58 63 126037
2 91 54613
2 88 899450
22 51 363563
10 100 980261
61 93 614259
40 90 778926
4 73 632375
27 96 106804
11 82 284424
93 98 759254
33 45 565175
24 36 329721
19 77 192283
29 48 17031
34 38 413712
37 52 653740
45 62 393267
68 89 87513
57 94 386921
26 63 240644
94 97 741912
67 86 858852
5 89 621867
6 68 554615
60 100 425488
44 80 452029
25 85 115643
85 88 65020
51 92 396194
29 61 782077
74 77 728001
4 43 752715
88 97 464918
10 54 281081
42 47 987492
44 51 536923
7 57 778546
23 81 498889
30 89 783754
88 89 397474
9 31 746941
23 94 786757
66 93 512924
17 56 893207
21 57 584510
31 97 104002
47 88 119231
91 97 187379
40 83 233341
20 87 637529
21 87 885403
38 47 161514
17 48 531456
17 27 792991
2 15 752918
55 78 391669
55 87 705614
74 88 195501
82 91 888345
4 46 668363
47 64 724398
38 53 675224
56 88 457225
59 60 76002
43 76 744168
12 66 354105
32 80 712142
32 88 124018
41 58 105730
80 98 354342
31 53 640974
37 64 573489
64 82 15299
29 38 802997
48 71 921202
33 51 70679
71 100 317106
78 96 923007
37 56 464159
2 87 972634
12 26 888727
28 74 151193
1 67 639997
47 65 975090
11 11 275896
14 44 723676
32 83 519859
17 46 95317
11 54 971676
9 41 507294
32 81 130855
32 50 512955
6 82 725899
63 94 717429
14 20 302273
14 22 536538
36 42 808330
11 87 832442
54 59 825064
10 47 529130
56 97 985890
21 31 632963
46 61 346755
84 88 550881
5 46 828058
53 68 844326
7 33 803001
39 53 416055
1 56 460407
54 99 478908
24 100 476592
30 66 667362
62 89 629314
18 90 261787
65 73 349584
13 44 240986
7 90 253377
64 70 647578
44 68 741632
24 46 58390
19 31 57788
9 67 705167
25 31 229031
11 88 603788
13 87 607864
21 61 35155
58 65 608235
30 82 49075
23 29 598142
24 86 622652
11 17 466484
16 86 151875
67 70 561876
48 66 9057
63 82 412969
12 68 27122
31 46 109506
18 42 568537
31 44 977457
21 89 707448
49 69 718797
32 74 234234
16 82 830770
47 86 227340
74 96 912190
30 73 426333
29 57 542165
60 76 118372
25 33 840348
43 82 473944
42 48 850751
20 83 930551
8 17 511084
18 78 116418
13 87 888727
27 43 889661
16 29 575927
8 56 237106
27 50 192838
34 80 731693
71 100 552899
13 37 908479
51 93 448561
86 88 278653
47 76 258007
15 89 711424
33 67 827904
56 70 451109
48 57 32443
11 54 149900
25 88 618778
1 90 877339
49 75 582133
56 62 752506
41 92 232357
85 94 721494
6 21 878860
28 41 977761
30 34 956298
20 97 852622
6 75 678215
42 79 818328
32 81 214190
41 53 215290
26 36 631662
30 53 923446
66 67 218553
63 64 656848
47 90 238790
32 48 392338
14 16 457041
34 87 670088
22 99 766233
20 61 371011
45 70 937375
40 60 962072
9 50 359147
28 90 536032
13 96 757768
40 54 68088
60 72 384581
10 62 810560
6 98 399988
42 71 35742
22 31 78509
15 33 672634
88 99 388362
24 52 816002
65 84 590058
7 18 285477
3 48 330480
15 37 706714
32 98 36995
7 52 186841
16 76 497870
48 83 458462
28 38 289024
7 24 782891
41 45 981579
6 65 660228
38 48 778855
22 74 183347
43 66 565582
81 93 737860
43 66 266239
59 91 377288
60 92 178238
22 58 328596
23 82 476752
13 56 60097
15 72 296129
16 88 642540
44 68 73824
48 54 231605
5 9 721919
14 96 895234
2 25 74806
1 63 518460
26 32 713631
19 47 232910
57 89 9817
32 35 135851
66 99 766471
59 98 233415
2 59 631825
49 66 308570
13 67 690400
16 18 245538
34 76 115172
73 88 926240
28 76 834383
11 54 983961
51 95 975705
12 80 452373
31 70 394940
45 70 288289
35 99 921143
61 96 360910
27 31 378253
6 84 253297
11 46 839686
12 50 778979
14 91 624171
5 16 403393
57 61 934220
3 90 217004
12 84 918907
10 86 235272
43 48 335376
23 53 912446
18 70 898725
47 84 153404
46 94 651097
26 64 129393
80 85 485136
30 50 98772
32 58 247727
76 85 107677
95 95 199522
54 97 80008
68 86 616280
36 85 503255
64 69 291331
10 26 795407
38 60 880539
3 91 519864
59 73 425370
37 87 946399
77 97 155264
44 49 582421
4 12 275790
28 58 877743
34 77 752013
30 63 794438
52 96 641478
36 42 628727
75 96 503433
46 72 941091
5 28 915048
6 38 318894
13 69 492219
63 85 232257
4 27 923932
19 78 366282
1 88 760683
22 58 142521
46 49 767113
47 66 679171
67 94 956382
16 41 613664
49 97 319830
31 51 55567
38 85 504862
64 67 372559
38 57 969257
54 55 945062
67 99 7855
47 83 695451
28 44 208170
34 70 264894
8 60 28122
47 49 87517
29 46 479680
12 67 601486
8 63 467300
35 90 289067
18 55 71570
78 93 785039
27 57 939415
7 15 132763
82 87 351878
67 96 198773
74 88 542007
30 68 231558
59 69 664324
61 97 398458
43 88 680781
5 75 341313
12 23 293619
40 91 759634
33 68 309215
14 41 838181
31 33 209146
45 46 951671
41 89 117748
5 10 272712
79 89 824000
29 48 299869
25 70 239507
40 93 783040
55 68 209963
32 33 868862
15 84 924292
10 47 816934
35 96 808867
45 62 768270
51 61 506701
56 93 928784
51 97 917903
8 72 866439
71 89 358902
12 62 224468
22 44 73045
22 81 274526
8 37 175364
67 82 865995
52 53 4573
53 72 359946
53 87 513280
29 29 374091
38 54 995727
11 61 507459
7 14 464048
11 40 463723
34 82 952975
15 40 908415
6 14 539099
15 52 280897
4 50 763271
60 86 800502
8 67 945097
35 35 624998
9 34 279964
8 41 142943
88 90 283136
36 51 48752
4 22 720503
40 41 83760
28 77 156615
3 54 459062
56 68 604797
5 72 629024
74 80 622054
3 91 140495
2 23 751509
39 62 590759
28 45 815202
21 94 156754
9 89 343016
42 68 319803
34 73 657860
38 68 222485
58 78 677467
28 75 159892
63 79 481810
75 94 922737
35 39 644886
92 100 705257
11 87 112532
15 80 885692
21 69 186880
49 80 129264
24 80 715728
54 78 331341
63 67 392831
44 79 316129
22 28 650445
65 96 633467
17 78 709819
23 38 536434
37 54 712786
75 98 828573
85 99 829659
76 79 391962
56 95 926375
31 61 514122
15 40 199430
3 91 547153
47 52 765585
48 66 406617
60 62 983651
12 52 613518
47 69 208153
32 96 503393
2 68 705752
8 88 754503
5 51 681478
58 67 685881
14 76 627277
74 89 935860
85 94 334685
62 99 188856
66 90 333225
9 13 451019
15 25 733671
14 15 503925
54 81 412819
37 65 772932
15 68 949162
24 79 222087
7 31 911473
7 64 114773
21 54 775790
10 27 106501
74 91 98795
22 93 295349
3 6 913273
47 55 809222
33 89 703144
52 92 487261
14 34 167889
85 86 322529
56 79 357583
18 58 566977
26 97 781120
3 80 261293
50 64 182406
33 58 327643
77 92 987402
95 96 137986
6 58 630390
7 41 564127
2 61 886712
49 96 266357
68 85 529540
2 72 206407
91 98 947920
24 95 88990
34 99 202647
4 51 235527
28 75 772953
11 29 109140
21 25 482008
65 69 57177
16 76 543067
5 8 917998
38 70 236716
4 89 151410
3 78 701020
63 77 982852
36 87 823547
51 81 674185
58 92 622755
8 79 633515
76 95 986028
5 18 17046
21 26 881527
6 79 945083
3 61 949798
69 83 811727
93 100 799200
26 61 816459
79 98 900943
6 57 425452
29 91 564451
18 93 607987
59 100 933775
95 97 561443
66 71 322250
37 50 472328
83 87 304269
11 81 248364
40 48 231833
11 16 839138
40 41 8176
37 96 344062
11 81 884249
7 90 848344
6 83 790622
16 53 657615
68 100 261776
47 96 579458
71 88 121471
4 11 272662
40 91 329029
35 66 329333
29 35 91194
27 37 636555
47 59 642751
13 28 470730
18 41 561910
2 9 565477
63 74 839046
36 37 603414
22 44 693722
66 94 781658
9 59 435616
22 65 176369
27 96 768012
24 79 44257
14 96 603412
17 57 277875
63 85 804276
14 75 711154
10 38 474218
56 95 763825
44 98 388409
9 71 794308
11 87 809703
55 58 966724
2 87 578241
28 55 746445
78 86 671380
29 91 498753
55 89 529396
16 71 320325
13 60 97464
23 46 905281
4 44 742074
21 25 35618
89 97 464472
1 45 841817
70 99 102839
41 94 562267
20 68 231933
40 57 350626
15 51 973973
80 91 89704
47 57 22829
1 69 719345
68 70 787001
4 96 829056
15 15 44848
26 65 171615
83 97 885195
44 60 210649
5 73 142795
15 99 161409
19 54 949938
44 66 702635
26 41 800967
19 51 858672
17 88 64853
34 98 575788
45 61 919658
19 96 59841
11 44 978394
29 77 539220
10 53 28668
71 74 52109
50 83 733162
4 43 628953
4 73 182019
54 76 104170
76 77 521514
12 62 386291
34 67 620678
9 10 127214
75 82 107265
19 41 499288
11 24 110988
24 42 401842
18 92 655640
62 69 57408
33 46 217052
34 79 852427
3 67 147540
12 31 837793
44 73 305406
4 74 181522
8 58 722141
25 53 25907
35 49 361720
72 100 688797
41 67 535322
57 76 399148
34 76 414481
57 72 121411
39 46 900978
36 74 732100
4 97 837841
12 21 394778
48 97 779659
12 30 406322
65 93 106430
84 96 583739
44 79 765325
66 68 639340
44 72 89503
36 87 526780
49 52 864863
68 91 385513
16 33 737787
28 44 897972
60 60 483879
45 88 790177
95 96 769562
1 36 25977
20 67 596238
88 94 824330
42 89 307010
7 11 370020
43 46 588409
4 32 703516
62 74 101882
55 87 261131
7 34 270480
10 44 625742
53 55 142985
40 52 882245
82 86 415354
15 93 814998
27 30 738871
67 72 971049
45 69 893341
62 65 371307
30 35 403658
34 65 406926
15 40 8609
42 95 688389
61 80 699273
6 79 496842
41 97 977069
69 92 850203
54 86 230460
9 47 84214
44 44 567464
17 55 298531
79 100 278505
13 51 285864
26 56 242936
38 93 690068
23 92 884759
14 24 319159
6 59 996166
7 93 756646
58 68 639693
30 54 991802
80 89 96247
8 27 984464
65 71 134610
74 91 64456
23 27 72883
68 89 582344
20 44 34478
67 99 929208
38 52 376864
55 78 632582
4 25 698919
19 30 279393
33 43 522599
51 55 796416
45 51 326277
26 58 978010
24 35 626285
13 67 896877
49 85 569293
71 99 867066
13 62 377306
35 75 732229
27 36 176200
76 93 546904
9 97 52820
16 23 165375
95 97 576252
30 94 936907
68 68 910660
30 80 366481
47 79 510193
7 91 20906
44 62 1167
38 82 827251
2 76 522732
85 92 334156
64 69 483677
10 22 789147
33 79 729462
43 84 517192
52 95 953620
68 85 535169
35 65 61142
59 98 488822
49 91 536221
56 73 435547
22 74 265169
23 23 732139
52 93 123421
14 87 240801
20 100 48752
46 60 9727
64 79 370364
25 44 247753
38 54 645113
58 65 354889
32 41 820513
38 95 6347
23 57 344051
70 84 946592
34 51 279410
17 96 409437
38 89 291942
24 72 749467
45 80 530968
12 22 844663
34 61 836631
1 72 880594
30 36 32184
24 59 343120
11 60 93775
9 82 391642
16 55 538362
3 89 687709
29 31 640085
21 58 966347
19 100 772932
92 98 618776
31 73 293934
77 85 313084
4 81 868094
6 22 854070
16 21 448355
7 86 137093
16 86 946256
7 36 415534
77 95 310394
77 95 101307
70 87 703774
13 96 376440
4 42 332347
2 42 536246
9 71 615442
32 96 961354
23 85 109995
79 95 600398
45 80 455570
6 84 217820
39 58 354515
8 37 402648
20 90 914692
8 98 579813
39 48 617210
4 68 637996
33 47 635984
70 95 78747
40 79 843621
19 96 442210
11 43 744412
8 69 446709
25 96 70557
8 28 499087
53 54 824273
30 43 434091
11 18 190952
64 70 834763
40 90 383188
14 96 949492
21 56 885837
6 12 105198
24 88 416525
49 85 387014
74 79 220884
16 29 824077
37 75 769315
7 84 818201
33 97 403714
18 26 894145
21 68 786748
60 88 468067
9 48 928224
23 23 605983
21 74 185217
22 24 744539
68 86 206325
68 92 188608
48 81 517719
32 36 333369
10 62 701126
69 95 760057
36 80 746470
13 85 21172
38 93 713244
48 72 109091
42 57 286420
53 79 2242
34 56 233597
2 10 196307
41 63 282954
5 34 611291
6 59 409201
16 58 766306
5 15 955437
7 34 396789
13 46 483069
14 46 719269
33 86 479397
4 70 726536
34 92 904682
3 71 29045
7 95 47000
18 50 695818
52 52 166462
49 80 567911
63 99 251631
74 78 44275
45 73 543553
17 97 241108
39 83 784015
17 27 987833
2 9 861048
16 20 795026
6 17 162464
35 70 588756
2 11 710380
57 82 954103
9 72 800329
16 17 361082
26 60 757412
43 45 830492
84 92 239152
19 83 954979
50 72 666661
12 73 507543
3 28 172414
19 21 119621
41 66 477688
22 43 370238
73 96 331288
1 56 625752
44 92 850083
12 92 389610
58 75 884773
2 92 99922
60 88 388269
42 45 26865
30 34 699342
1 80 265451
53 91 528542
71 78 969705
4 98 561400
87 92 64729
26 86 852732
8 26 745899
25 56 36811
26 84 500052
34 98 887950
15 36 836749
80 93 491182
4 32 240979
38 100 694811
21 53 444262
63 67 424840
10 85 210827
15 55 210987
46 64 529036
72 84 618687
12 27 543990
42 46 806468
18 25 999000
55 68 829755
59 92 423625
47 76 519277
55 79 270496
40 42 135459
11 52 733115
12 77 864941
2 84 665275
37 85 240990
31 48 961988
10 51 69196
65 89 274048
25 42 756306
28 87 291675
43 83 980240
17 69 43846
4 14 374440
33 79 945718
55 93 977600
63 90 608804
59 92 702533
20 29 719180
24 25 412772
12 58 613680
36 55 361168
3 97 92757
43 57 305217
21 79 107587
20 82 260850
72 100 151496
20 60 38624
29 95 715571
28 64 19344
68 95 891483
18 35 803848
6 51 925143
14 39 634578
4 32 430789
6 39 407294
40 67 897926
45 46 390943
11 89 515839
20 31 363019
29 41 231447
23 88 131870
65 73 796477
26 61 326389
73 74 662241
28 39 33973
31 46 986552
61 78 829828
14 19 699
18 53 865548
5 43 711719
72 87 562237
77 92 190524
20 53 898698
28 53 548224
28 75 993833
3 21 280763
54 61 964566
35 81 678011
14 15 815502
21 66 661519
34 65 799702
1 56 113422
53 89 708596
46 79 827023
18 56 926514
11 42 576305
53 87 632288
16 86 28818
20 55 282385
51 79 69850
43 45 294619
6 50 425968
3 9 120538
44 90 542913
44 97 50347
13 62 224894
42 89 391923
40 96 877468
65 76 183128
8 99 500820
18 40 582084
35 83 698915
51 91 57960
24 89 809417
58 84 293620
34 38 356684
7 26 112290
6 69 295348
56 61 453162
12 82 501263
22 51 681677
14 73 590380
25 87 998093
33 72 804642
13 79 294384
53 80 214473
83 90 16259
68 71 778365
15 37 964179
54 78 69664
11 41 507764
17 97 587862
7 35 415356
8 51 799689
56 80 80967
5 52 381605
6 84 245747
45 67 149147
8 20 718178
27 42 952544
89 90 139261
77 98 556653
66 83 751790
10 15 797631
83 88 243619
3 40 997143
31 37 452368
44 69 167865
1 31 205099
45 67 243566
52 74 616816
27 58 76932
68 99 319581
1 6 8266
46 100 216373
40 43 129943
2 77 395326
78 87 882179
39 91 883973
87 88 34922
8 18 649623
8 18 81326
36 83 201608
33 88 824820
26 32 900846
6 74 935331
29 72 147749
53 73 511402
33 95 21323
46 86 866170
36 96 808515
59 81 854662
38 62 315188
45 84 520072
39 80 902792
22 84 835197
9 89 583024
13 58 856870
5 68 113565
57 64 373191
5 85 809862
14 20 865257
13 64 961703
31 36 61530
54 84 443133
19 68 862697
17 46 611085
3 51 320877
55 74 340125
7 90 560254
12 13 82424
41 96 180088
12 43 297260
64 84 634237
4 21 327885
6 28 195442
10 71 134322
2 54 121855
24 65 533556
18 99 32721
10 48 171636
20 30 251033
9 18 118740
20 45 370125
24 91 553275
1 4 323556
1 3 266708
18 79 743964
8 99 975949
34 39 53301
57 73 540186
10 32 477493
5 23 768945
48 79 172133
83 86 636174
8 38 356113
30 75 387759
17 92 237833
63 99 42263
1 88 357732
55 62 261965
7 34 59706
70 77 777628
54 59 97191
55 58 525458
89 95 618574
10 14 148291
12 83 511825
33 60 908998
35 39 321883
35 79 825140
11 66 700504
45 67 540206
63 67 640506
34 92 305302
14 18 576116
52 96 231187
46 97 889984
35 63 524624
5 97 293915
16 31 935420
22 27 308614
35 100 340937
8 53 597765
23 99 31150
12 85 902690
25 31 427943
35 73 965544
7 50 36722
1 22 503210
89 97 442322
69 99 735804
58 62 19598
45 64 829239
5 88 272305
20 75 170872
26 31 733769
6 66 474911
45 97 111658
62 94 608273
47 89 828011
13 16 105721
14 88 276006
29 74 697153
7 50 623802
41 83 38171
11 45 721354
12 85 403837
51 88 191357
64 67 457822
50 63 632254
9 16 103292
11 93 86459
69 87 821528
66 99 173736
88 95 85750
78 99 955132
6 15 843232
20 80 841713
34 94 102369
35 91 717318
44 61 435660
8 13 701438
42 64 831605
2 97 173920
2 15 775477
46 72 216119
60 96 477033
28 92 933969
15 77 14193
68 97 174978
29 33 377395
2 42 435873
15 96 226967
66 97 624584
46 62 50826
28 48 685398
64 84 343678
19 60 362350
3 37 520614
17 95 937207
3 10 951357
69 79 651804
50 84 385918
19 88 95244
48 72 128427
47 50 67961
24 55 283848
1 2 190746
5 91 233502
13 22 397483
34 67 62395
5 89 329258
11 83 539951
66 97 3418
7 35 20175
9 56 440131
67 98 477044
13 84 421294
12 49 239163
9 94 236138
41 60 297284
6 72 606923
38 93 436277
27 84 74920
19 71 892662
15 92 722779
44 95 846901
34 94 598851
26 99 262689
5 12 765763
11 17 727857
7 99 442178
58 99 939676
4 56 570475
37 88 283361
5 83 369581
61 62 234174
45 55 987514
27 77 4283
47 51 170250
2 43 616734
50 61 11351
16 46 69046
8 88 466144
1 68 200787
19 46 62184
52 60 242187
2 59 257526
19 26 404597
43 64 381781
82 100 65838
85 100 717460
39 77 95385
58 80 91205
4 9 893592
32 95 815488
23 76 397271
34 63 809119
1 19 541120
89 94 975489
17 100 566470
23 83 757706
3 72 95964
63 81 806815
16 75 741821
30 32 797356
3 11 42276
17 74 720351
18 33 158611
11 41 226925
20 31 888462
9 27 785227
68 71 369311
13 33 921716
30 85 616338
67 88 656103
9 49 196216
22 52 832039
27 93 565351
35 48 389179
35 57 781622
60 94 741806
23 68 856834
8 85 389711
63 70 920238
11 44 744688
38 39 642077
46 91 911209
73 82 147320
33 47 830996
35 51 259949
13 34 971793
89 98 615083
30 89 230849
2 98 217257
16 19 68748
62 69 732895
44 54 375773
2 44 659209
70 71 450211
5 12 391593
31 40 49232
42 46 987779
87 88 491356
77 90 367649
33 38 955841
5 53 170831
21 100 218239
11 41 287966
35 78 585559
19 86 551908
27 75 435601
12 98 902648
41 86 391416
24 48 205752
71 89 412059
32 41 220740
31 75 321036
62 86 257730
70 72 164771
33 88 4186
85 93 873914
67 84 950842
44 51 125489
49 82 629330
57 94 302121
6 77 96599
64 91 103050
61 92 200513
6 10 537152
61 78 356431
40 40 781303
50 87 726336
19 47 740709
73 78 711449
25 32 471103
53 97 727396
45 88 600960
41 43 339885
33 75 987943
51 86 143493
11 27 512056
38 91 423938
72 97 748664
51 93 271099
31 70 908019
17 34 785550
7 77 174712
77 77 468891
84 84 253850
51 73 52680
46 98 977070
33 71 632638
50 79 248722
12 26 230761
2 49 778850
64 73 284665
5 75 427330
1 59 528421
12 66 534874
8 53 954277
17 19 212691
3 35 339509
11 54 751261
51 65 910679
9 96 322602
27 54 572496
23 29 398642
13 74 905448
3 67 887792
59 85 782700
58 64 848545
39 85 943853
4 60 422473
7 28 790081
1 32 744368
84 86 111807
10 96 368735
72 98 860613
28 70 473382
13 68 733812
85 86 538648
68 86 280560
85 92 480139
12 73 956898
55 92 193946
18 21 89400
48 50 33700
66 70 446754
19 37 482765
21 78 792213
46 50 46586
70 92 919754
50 84 12439
30 81 146109
50 74 129939
4 8 828080
59 98 323041
69 79 702952
15 83 737975
50 79 229229
49 87 472848
17 32 124364
2 32 176492
16 24 394775
42 75 813388
37 46 382049
16 63 128505
85 99 7556
83 91 36732
56 93 571101
46 65 433317
24 51 471181
9 95 147399
8 71 454392
69 90 663800
59 70 666248
51 95 28691
76 92 352808
4 18 209207
19 34 935947
49 74 69000
56 68 310949
76 98 368492
38 100 583983
29 61 255437
34 72 174566
19 34 511067
2 8 893130
51 81 352073
45 77 737313
19 90 783501
25 88 573747
12 13 747618
53 56 264589
59 72 361927
35 53 711425
3 77 656960
38 63 234786
54 65 147667
74 92 173514
36 63 666762
28 44 163606
31 46 220469
33 40 202279
85 95 528935
79 87 788065
45 46 911286
17 26 564782
29 55 257725
76 85 139130
28 65 285532
74 99 805046
9 57 248244
7 44 824343
3 64 13742
23 93 420566
73 75 881075
4 43 334127
27 85 503283
1 5 579365
63 81 978785
8 65 341754
81 94 507443
16 76 379642
42 93 507941
62 64 900847
1 74 217076
42 94 946604
79 81 30373
34 39 596228
30 98 362749
7 33 799057
32 62 608137
22 73 143089
20 49 56918
10 53 326722
18 59 413560
58 75 544620
26 52 637381
38 84 784405
68 87 506136
21 83 766188
22 99 960273
33 58 437217
18 82 39058
69 79 286825
2 9 760257
41 79 125565
2 63 104459
29 77 725274
82 96 838237
55 57 422976
29 82 884203
30 33 116725
87 94 277867
12 56 610817
73 99 999192
64 74 289330
21 48 592370
30 37 870104
37 55 680379
3 87 655751
37 55 987641
24 94 632154
21 94 69113
2 25 134572
15 39 3656
18 69 945055
12 36 160058
89 91 640087
39 59 581797
9 35 308094
15 18 793956
3 22 409536
46 78 279191
52 95 385166
20 47 149920
40 86 946333
10 29 725094
20 66 971558
37 53 759827
40 67 54950
31 93 930647
6 70 32797
64 67 492709
44 74 914065
59 92 389363
14 77 795402
29 78 558077
28 56 21014
36 56 694913
32 60 253253
4 85 417793
10 45 579435
33 50 12166
35 69 724131
22 24 900250
37 68 86920
15 60 81803
56 63 353148
3 67 337389
5 79 650467
35 78 466710
15 40 524647
17 31 135458
33 86 72692
22 31 342830
28 77 622331
42 95 817759
49 98 283186
53 69 792795
8 26 414224
26 56 843789
56 62 132883
48 62 624227
68 83 689467
2 70 639697
3 40 850766
39 75 361805
12 80 737364
30 45 864467
68 83 158171
5 29 576032
64 94 359027
16 39 859577
11 37 452656
34 41 398884
14 24 814829
7 16 323628
49 52 666245
72 73 150111
65 90 248410
7 62 80209
4 43 40913
1 48 593496
5 47 972946
73 93 259664
31 61 574730
36 72 124631
17 75 910506
52 94 184207
25 57 518183
54 73 782433
18 47 989946
32 84 168567
22 94 109984
50 71 446975
15 92 97434
19 90 966637
43 55 722540
35 37 209592
27 75 884255
26 72 271449
57 87 391425
63 95 8337
78 97 94050
8 32 301538
7 22 916950
41 79 338387
19 25 705656
69 77 788015
5 50 229795
34 79 955268
31 93 869433
71 83 722726
80 91 872415
10 54 259243
31 81 632125
18 51 534767
45 86 307136
34 63 805648
47 95 858265
66 69 472689
78 85 851390
53 65 311033
79 90 469926
26 47 382482
27 88 433679
61 69 905133
38 39 100346
3 36 817211
4 80 960555
27 80 766899
19 95 691755
23 71 669265
28 69 449672
5 82 689299
2 52 633874
13 82 827772
3 23 306461
50 90 843795
4 77 200516
39 76 652258
1 70 736035
19 45 243898
38 97 220954
37 52 930860
29 56 955726
43 57 232527
18 20 209065
59 72 174591
72 79 404568
50 81 567066
46 92 963658
63 64 234499
4 90 623861
43 52 656545
28 71 671827
64 98 909855
39 73 464159
37 69 686699
1 84 686618
9 55 888953
17 75 133898
10 23 747520
76 77 472056
27 62 700666
7 11 798192
13 54 694886
16 27 441027
53 87 750535
49 73 401926
22 52 265572
51 61 77585
53 78 855559
1 13 219907
35 41 996353
81 99 444539
30 60 773795
40 42 174175
29 97 850180
63 94 490071
63 92 868608
38 47 395024
71 81 567989
14 22 52667
39 82 637062
4 95 624526
44 70 550618
42 61 682560
23 83 69660
72 91 510927
25 93 378427
35 61 619388
10 24 701673
34 63 578059
41 87 131869
27 35 406342
44 49 321363
66 72 667193
45 59 329097
52 77 681589
28 46 290562
1 63 463759
39 47 560773
8 21 430495
22 66 387805
89 96 929412
8 18 668249
42 74 20445
90 92 700299
37 48 532688
17 26 326091
26 32 672773
53 76 98290
10 88 959722
86 100 788834
5 35 807726
42 62 345083
15 63 824136
53 57 610213
13 72 377199
40 81 245323
36 84 539105
47 99 475675
75 86 474527
83 96 92297
42 94 31405
21 97 707404
2 66 127829
22 78 931102
81 82 165475
5 71 475198
9 29 353576
33 98 792815
61 95 667513
64 84 724728
49 68 199919
30 60 979172
1 43 853030
80 95 39106
34 95 848321
25 70 608740
24 92 986914
65 88 308578
6 28 738613
11 41 20246
50 99 677284
4 51 563679
33 53 64226
24 55 621600
20 79 26786
18 44 751296
17 48 591135
8 93 482538
94 97 940308
41 58 121293
93 98 459139
20 93 524635
3 91 796720
2 95 66636
82 90 827237
37 44 760090
24 27 644846
36 74 210500
9 92 403164
79 87 672013
58 67 758532
3 53 278716
48 73 856575
91 96 3548
1 46 783913
2 3 411516
34 74 158501
19 83 342830
9 34 638678
3 39 320266
33 87 707621
15 91 680234
29 61 340799
47 62 2477
13 19 463702
4 34 374582
36 50 647134
31 36 196076
66 81 633999
7 51 648250
21 43 872359
2 100 35983
63 68 352551
11 58 752221
44 85 587924
71 72 585820
32 43 976565
9 22 191558
42 47 85594
24 49 378650
54 95 908945
41 66 755484
13 89 452080
51 67 752145
26 99 785104
3 43 210117
65 85 123022
70 82 765831
50 80 383370
14 42 69865
23 93 170474
67 93 372803
35 40 681622
51 74 792239
27 77 795260
11 44 61004
23 31 912716
17 43 373822
68 86 392186
35 66 569578
72 79 551553
24 35 810236
2 85 468508
33 83 620771
17 60 294989
33 50 264849
58 96 467097
39 55 75966
10 81 862151
14 94 263268
57 67 306726
22 78 30978
29 52 519239
33 65 112284
12 79 662845
10 16 970871
1 36 465826
39 85 448159
74 92 309779
27 39 291299
58 78 631664
38 45 542165
5 12 472351
68 73 147405
11 34 269257
45 94 94693
94 99 874841
53 64 229052
48 66 667458
27 69 842806
17 44 459512
40 94 465464
3 94 26291
43 82 418670
22 42 758258
2 76 903751
49 100 574068
26 53 969078
68 73 10238
45 83 862896
9 49 38042
2 28 906291
48 94 861012
52 96 698299
5 72 941118
82 97 206284
25 39 461227
5 90 303278
28 97 684917
20 59 197930
29 95 600249
58 65 33808
10 72 569496
43 85 991218
1 97 526070
25 30 424744
31 49 56124
59 91 67852
15 72 189528
7 51 299838
14 90 594746
7 18 696223
61 73 797910
35 75 791576
51 62 336295
4 16 468818
11 32 656297
41 59 817341
27 72 306716
38 92 869771
46 69 93829
44 51 566324
50 77 427118
44 71 666418
27 71 164451
7 30 972869
4 28 9974
35 94 800558
19 90 495610
23 28 293750
1 32 544329
57 94 755302
66 66 948864
52 65 401230
38 91 701632
77 79 502528
6 39 157485
21 38 215252
23 70 602928
47 57 450148
26 54 170487
42 50 205712
3 93 561586
73 93 673913
35 94 555798
18 92 850632
24 99 639388
71 88 893158
89 100 442048
12 47 292739
45 63 675332
40 86 52370
63 92 349741
21 75 777097
67 94 542467
82 91 894179
10 41 922835
26 39 568607
26 59 415215
42 84 972353
52 69 609642
20 74 841998
11 78 160926
86 96 978899
89 98 5352
49 60 18589
50 92 620457
57 88 63231
29 44 889221
1 49 419921
41 60 172902
8 27 818990
26 73 927672
38 59 451571
17 29 807660
36 87 746629
26 68 158647
15 50 905737
5 94 165969
26 33 18988
8 44 587641
40 96 92955
15 27 749038
3 10 924745
21 39 284214
55 80 952302
24 85 17305
4 38 375877
4 18 448228
4 63 771851
92 95 217641
23 74 919173
15 60 913339
49 93 469304
12 17 508149
56 72 575793
12 18 315442
11 81 277437
39 83 452371
20 28 396783
9 14 150975
4 30 777247
15 92 116444
52 81 927784
72 75 933337
45 95 381095
22 75 126310
7 88 113153
7 26 657912
7 23 154268
4 89 662600
63 82 760994
72 85 686739
42 90 448259
22 28 499865
47 54 442610
99 100 175328
25 100 258021
11 60 66928
27 30 875927
28 61 622742
30 80 419336
55 73 777316
11 35 654074
11 100 184813
13 74 356723
60 64 395532
50 61 686144
36 65 351260
9 43 424430
61 74 177663
77 85 741584
78 85 504985
4 85 193791
19 74 890580
71 73 121555
25 33 529628
57 59 634413
39 80 321378
44 93 20270
7 19 390299
47 94 778751
20 33 165696
16 49 568073
19 21 436749
32 72 871741
62 94 924549
15 20 691467
60 84 463787
27 65 319340
76 81 145736
17 84 945627
74 86 153321
23 89 361622
4 67 832736
20 80 140959
46 83 823744
37 90 597951
25 72 836132
25 27 154944
46 78 326695
76 78 278576
48 59 357163
22 87 528802
19 71 648852
54 67 167471
19 48 878668
43 43 782255
15 84 586239
53 91 193155
11 20 912862
31 57 568333
48 89 640862
9 13 323699
69 81 801528
57 86 106210
30 95 237481
35 60 4807
17 83 212337
2 77 457494
14 74 273302
63 63 423877
26 37 501665
35 61 9296
37 64 367261
30 93 626804
21 31 459805
39 86 401078
37 84 254388
48 73 165020
54 94 665405
17 46 888688
45 54 827155
8 78 37443
52 95 10904
21 98 988774
25 94 611889
68 79 73392
29 70 972165
6 79 278076
2 72 573827
3 93 609962
7 26 2588
16 91 908444
38 100 310531
24 33 914169
35 95 912498
29 90 725995
18 78 496742
4 25 117475
65 89 650911
70 92 383633
44 45 892835
19 78 91503
8 19 210618
66 90 627765
67 94 34482
75 78 308516
63 91 898331
33 67 325886
23 83 384586
3 42 659850
33 33 24855
71 85 964690
15 92 292064
94 94 852071
76 99 870406
26 88 627546
9 23 277486
24 100 753986
44 89 981888
37 79 347578
4 9 150313
77 78 131490
72 85 998490
27 51 672604
17 19 540872
47 79 48207
62 74 309549
2 56 667174
23 74 66371
21 83 150287
3 29 503246
8 26 312126
19 70 873809
13 42 407785
70 92 882709
56 99 516300
75 88 498600
37 48 621989
18 41 628634
7 14 571895
7 16 467968
24 40 893321
32 48 902898
18 57 581733
77 92 364175
24 96 725916
38 90 294390
23 28 657727
62 71 553420
18 28 763173
24 56 315835
8 83 204586
54 70 489903
12 19 608364
6 53 734618
52 76 592334
65 72 715119
12 13 244342
14 54 804712
79 86 844497
5 83 982658
24 30 761165
53 53 812606
21 36 706907
31 39 623968
39 56 272309
50 76 264561
27 57 387412
61 98 950271
55 95 643191
47 83 435610
11 73 56609
25 67 953239
85 94 30040
41 73 812622
16 88 590377
14 15 490974
51 83 905634
64 87 504998
34 53 979093
16 60 387276
65 90 145497
24 29 889912
26 71 612170
60 65 531991
83 91 586310
57 69 88730
82 82 429424
34 90 30775
74 80 81135
19 51 748709
49 78 463726
20 81 306530
9 23 261019
6 100 907502
39 74 799594
45 57 786192
13 19 487826
8 81 989454
83 95 61516
59 81 917623
23 67 796313
10 20 108251
17 60 704187
24 60 417743
6 83 946617
6 86 773996
8 75 470878
21 66 39374
8 27 274617
52 97 853975
8 88 64924
6 54 783852
33 40 429022
54 59 482357
39 65 565659
77 87 797791
23 31 891313
39 96 7004
72 97 785667
85 92 638879
4 32 433784
17 53 460514
69 99 417531
25 89 703971
46 47 613690
4 32 775200
61 98 891498
20 39 921376
28 100 220351
44 82 4972
67 100 977974
13 22 25744
56 92 642317
14 71 214365
48 63 436295
3 47 736552
15 58 438763
89 97 186570
2 11 2756
28 39 982815
1 56 289761
17 47 530698
20 91 596436
58 84 264429
94 96 425972
9 81 428595
24 97 54877
30 46 719753
8 37 851885
74 77 122782
36 58 713735
45 91 825705
40 94 460114
72 72 178593
9 57 209593
46 77 469572
37 100 179179
5 67 107475
13 58 762074
92 98 250258
48 77 578622
53 55 542603
23 54 117009
11 63 651082
49 54 653266
74 80 41504
36 76 122372
22 83 697314
1 26 428078
16 96 224681
76 100 593755
17 29 33873
3 86 865882
98 99 306429
16 100 206909
32 75 799760
12 76 131675
85 89 725235
3 38 777296
51 84 817747
31 63 108346
38 95 481890
79 100 590141
19 62 658963
41 48 567998
40 48 245345
51 98 337833
66 96 407303
15 99 477484
19 59 398535
15 46 771388
81 86 116517
28 37 930829
1 59 533547
65 97 677468
49 60 749285
24 93 866727
50 75 134180
34 69 669106
15 25 714749
75 83 581954
41 52 829001
53 55 828067
7 26 812069
47 69 121252
29 31 72625
10 33 619671
32 65 81811
35 45 309204
30 70 159987
4 26 793845
89 99 427263
59 70 230937
31 62 97318
69 82 587683
24 96 355295
7 98 471290
25 29 336225
3 73 409609
63 64 762475
51 59 400063
31 100 57404
12 70 181134
11 31 251737
62 71 790062
6 56 63308
13 63 582297
12 46 534241
1 72 302670
6 87 883881
1 63 758865
11 100 688505
78 99 558311
70 86 373226
3 40 766556
79 85 957529
83 97 286015
9 29 704358
53 55 96546
38 87 339511
60 83 213405
11 19 815605
19 31 874378
26 52 448011
30 52 70216
22 96 375596
28 37 315258
55 78 949579
67 89 400328
24 67 318243
32 76 245339
35 99 475759
11 23 492770
94 95 694257
49 67 415506
19 70 772846
29 64 901664
49 83 684462
11 62 829511
5 65 624254
40 62 199558
50 70 85103
26 76 218912
78 79 245078
12 57 30045
80 97 97164
16 80 504198
51 72 289390
24 38 57771
53 72 175069
31 45 117790
2 45 230781
15 80 509047
66 66 344439
15 100 380304
31 75 932601
65 99 178952
7 99 523826
60 92 593091
85 99 101081
77 89 368102
3 10 41830
49 76 437405
64 83 567125
9 36 397015
53 80 126760
18 87 810118
45 63 852708
5 49 327778
46 64 296720
36 96 260005
94 94 119804
18 100 368271
5 24 436726
61 98 360161
27 58 25876
33 42 389923
8 16 755759
59 81 697569
13 69 531044
54 75 215976
63 99 36116
7 66 196363
1 3 881955
24 86 129826
14 94 878458
11 96 177223
9 36 369543
28 45 811865
29 59 586490
2 81 868732
51 61 247752
29 95 661013
3 82 472297
38 64 636752
92 94 815900
16 51 293980
10 85 609824
8 27 134764
12 69 134202
12 58 425910
50 72 291572
25 27 840437
7 52 251099
19 93 983080
77 78 757758
11 12 960659
24 51 534515
26 80 36347
28 89 408468
22 31 213549
90 100 56251
42 70 199861
76 78 180300
37 96 79081
97 98 507050
73 93 240542
67 95 600063
62 90 69103
28 66 61622
3 76 143356
20 68 713218
8 30 219558
57 89 839767
14 75 106198
19 68 72174
8 28 185717
22 33 927811
16 82 366067
14 81 140057
6 98 458562
10 98 500594
19 44 629722
5 80 456665
16 54 314806
12 81 72283
52 79 879379
42 79 906887
33 66 655158
55 64 413683
4 88 112164
6 43 504185
2 86 614377
57 71 88436
74 82 619540
41 69 757317
51 59 849912
19 59 448275
21 80 199915
20 97 336580
29 87 769800
44 93 449287
24 32 363951
58 80 520908
9 39 601089
16 75 864264
38 94 289191
18 29 558004
25 63 951178
29 85 343564
13 67 618138
17 36 923218
21 96 424330
41 61 77003
83 96 241936
22 31 908927
19 35 4775
12 69 183803
20 37 174159
2 57 333009
13 25 963401
38 75 716180
3 41 500574
24 97 136479
97 99 363863
1 32 721293
35 47 568644
12 58 625856
3 74 563064
19 46 24796
34 67 336457
43 87 132490
28 49 856659
53 93 859960
1 73 242291
9 69 233046
43 57 454158
16 70 511897
8 45 971721
65 72 908730
24 34 140241
43 69 155446
6 60 441683
23 91 190861
40 41 196738
97 100 657861
11 97 927319
47 77 709158
25 76 348362
33 41 363773
6 54 564892
56 64 580636
73 90 745550
46 82 623063
20 55 785769
73 80 994758
66 98 973878
41 97 55239
62 65 662725
79 92 984763
24 27 626217
8 62 614278
16 47 871032
43 51 170194
7 55 527182
49 55 821707
24 32 171208
44 67 410466
77 84 194635
58 85 827148
66 70 232317
33 80 548610
69 93 7688
41 70 756225
45 62 792476
17 100 180169
21 39 933740
6 32 733024
20 56 506286
35 77 821326
97 100 44382
46 60 876576
97 97 694393
14 49 508456
75 82 899972
83 92 446586
1 93 868741
20 49 455406
13 88 531014
19 40 909410
17 92 496791
4 98 829367
16 82 10251
55 65 41426
17 55 390328
76 95 211482
65 86 866810
7 49 347582
23 75 977903
30 97 508846
15 87 527033
79 95 620895
24 45 510401
17 26 150603
73 95 573489
32 56 536108
17 50 642487
24 69 73542
19 29 189319
81 88 822364
43 82 426199
24 95 121847
16 92 597730
15 40 990820
1 46 365288
33 38 847989
68 86 110315
24 66 262718
37 51 963378
38 79 747351
29 99 409223
20 49 683486
36 89 937722
6 50 955508
25 58 213086
24 92 819198
43 63 203977
66 89 657316
20 43 646743
66 81 482003
64 79 642726
7 57 289916
2 62 409689
5 78 486804
34 81 592214
4 23 293268
75 86 867018
76 99 912505
18 62 400994
15 52 810371
34 53 771666
92 100 309240
28 89 54160
41 74 985761
28 69 423128
40 44 285065
51 93 122216
34 40 321411
55 78 194435
35 62 464099
2 78 630511
5 80 457409
30 83 670585
49 88 656892
7 37 877038
36 59 4659
2 17 868066
24 83 574091
52 87 663788
60 85 389678
12 24 951141
10 50 358344
21 68 48878
18 22 421130
54 93 184809
16 22 937898
19 74 571389
74 79 4703
11 83 391828
39 97 485863
68 95 764127
30 85 267010
30 89 390543
4 47 149302
17 77 726811
9 64 368844
32 87 929791
17 80 45583
41 87 178937
19 60 585298
35 99 729547
14 90 820841
10 52 261694
37 75 395180
51 77 665692
70 73 752570
67 73 109171
12 24 29490
2 26 189079
4 91 52729
66 71 879839
20 55 309561
55 61 511652
30 36 328479
48 90 40135
58 88 688730
78 83 582826
75 84 211360
1 87 436404
34 47 418218
16 34 805840
68 75 905909
6 6 407468
38 95 617730
15 55 209276
37 47 840533
82 96 76215
5 18 840119
30 78 774230
33 67 91574
96 98 903706
50 88 266018
4 60 963653
83 95 627344
28 79 603614
84 85 412441
37 52 496368
79 100 983577
21 40 204617
72 79 832690
51 56 809341
22 28 564681
72 73 274979
20 69 178694
31 62 218389
32 83 283798
64 73 669106
7 11 846250
15 73 736989
80 97 288760
8 92 62396
38 96 119287
23 30 307836
50 86 330533
41 66 826379
75 83 897539
1 72 459483
44 99 991637
20 87 163171
3 22 114788
44 66 768671
23 27 830782
57 84 99213
37 77 513203
51 83 237744
16 86 937624
6 74 595471
67 77 658822
4 92 586869
49 92 790489
16 73 384048
2 87 290739
42 75 177812
8 33 639353
53 91 701112
23 54 801107
54 55 488758
7 19 317998
41 48 13037
48 71 544700
46 81 749056
31 31 882672
25 43 784790
36 46 313605
54 98 886298
69 82 554166
59 74 566714
5 75 145348
11 41 483562
6 98 25590
42 92 122337
32 45 777042
3 80 392025
39 43 565927
6 69 898833
28 29 210245
22 47 331276
39 73 327617
21 31 315985
41 44 688500
13 16 407915
9 41 708346
26 94 870888
16 55 4086
25 87 516444
4 52 87690
78 98 372126
1 14 325090
18 60 785352
20 67 797992
6 59 688889
16 63 86734
37 82 107604
51 74 32074
10 75 777856
21 63 38803
22 36 141736
29 79 445095
7 61 357371
12 16 823751
27 69 302699
22 50 754616
33 86 481839
32 76 839873
1 12 625923
36 99 769137
44 99 702117
43 83 636504
47 54 31833
46 78 423819
49 85 671652
83 97 503523
11 61 376978
9 26 728253
8 24 693361
41 76 671609
69 80 434069
4 29 689085
27 92 284693
38 68 418097
11 27 89675
35 69 695874
48 77 354454
2 75 944546
18 54 582489
8 22 827973
3 12 674876
19 97 275107
32 47 353640
62 77 764986
61 79 188172
38 60 414347
59 72 356188
30 51 973146
67 80 262863
8 76 525425
12 82 62751
12 43 316764
14 90 102795
9 43 739500
55 73 448214
55 71 931830
8 38 369480
36 70 973523
19 43 602666
21 35 400224
75 83 662155
25 100 119229
35 62 129408
58 60 649232
28 71 563869
37 78 873281
41 70 785151
37 60 371646
64 88 128068
33 80 340086
24 76 485968
38 55 34720
57 63 278536
58 80 986484
30 35 550040
12 53 293294
59 61 643247
9 69 65488
45 50 786879
2 47 911454
1 95 235392
21 94 669090
4 53 199084
10 46 962408
6 66 992322
5 37 63745
8 25 971845
65 76 517826
20 43 993532
11 49 876612
17 23 492979
37 65 199076
3 92 443446
3 62 803971
5 69 711259
53 58 754436
39 75 77878
19 44 817043
8 51 368356
32 88 6426
40 64 151172
37 90 487372
63 70 369335
33 93 269213
8 32 545893
50 76 547973
55 57 179769
21 47 243971
53 68 98978
25 43 322966
5 96 542290
57 57 211075
40 60 9409
59 76 437012
72 81 564393
78 82 372053
50 63 689802
27 93 74455
4 43 882149
51 77 145583
32 52 468226
28 90 7222
69 72 761644
9 53 506697
69 72 961522
80 89 20361
53 57 628455
33 81 735002
20 62 410912
1 3 76645
52 60 44987
21 80 557336
29 30 32404
5 10 29091
44 90 367247
89 96 664762
35 41 447636
33 39 351064
82 89 577036
7 58 186040
14 67 333543
10 15 392540
37 73 69847
5 97 788041
5 100 904020
15 95 954247
3 85 145816
48 90 438627
4 77 481506
71 94 283374
72 88 263286
18 57 747581
32 50 847449
9 55 603946
50 86 365847
79 81 327951
23 26 66815
62 100 773200
14 25 14180
61 97 297936
14 38 391580
45 55 132409
27 41 488002
12 87 238134
3 12 582773
56 88 363706
27 81 451801
78 92 718009
24 31 562451
37 91 958060
79 96 45839
44 60 744591
1 17 415996
73 74 545380
46 93 851213
29 74 614448
53 84 374903
55 95 160123
38 90 997432
6 63 680594
80 95 211084
1 87 581958
54 81 838712
66 75 698988
45 49 988609
44 78 413278
28 54 889651
5 71 95287
57 58 127581
9 56 720408
18 99 235538
59 85 464487
8 77 256936
58 60 923661
66 100 719994
26 38 134390
4 74 629415
27 61 327955
16 23 805395
40 41 248024
30 98 813155
30 88 316352
25 100 638788
50 75 651271
88 92 84771
40 96 737261
45 51 477427
24 30 58551
11 63 813612
25 76 527983
61 70 163592
17 33 15458
34 40 794631
20 92 241439
19 25 39466
29 32 496381
11 20 728570
47 77 948371
27 50 934912
41 65 603199
3 8 196556
54 72 131874
85 98 79921
31 94 995040
30 58 326149
3 85 568546
55 99 938467
61 86 935318
8 71 509227
15 67 53740
38 59 536830
66 91 912729
39 76 293509
28 66 123478
8 97 940073
1 31 804383
17 61 191770
4 26 367863
18 24 286539
7 96 324640
78 100 119666
35 99 852389
33 59 616522
21 38 568211
41 71 301203
50 57 186105
24 39 692814
7 80 337326
13 86 434180
10 79 27081
39 83 531006
50 61 743208
92 97 495756
37 49 222828
16 50 600193
85 86 637561
23 38 258355
68 98 974969
71 84 784829
9 78 887704
64 98 893759
43 94 279623
22 71 488346
78 82 651387
56 64 845815
11 89 706732
1 34 834367
13 52 410905
35 78 345635
57 81 667329
42 45 7507
96 99 660778
62 77 500296
50 66 919644
69 97 22205
17 47 222245
25 63 314927
66 94 653076
31 49 489443
13 70 292160
30 35 682655
5 79 872576
31 65 406957
15 21 222322
86 95 658525
57 78 561015
35 80 90754
94 98 420275
49 50 427314
32 38 968912
40 83 37256
80 90 698426
34 73 973668
1 62 672930
4 39 190760
3 90 98621
6 17 137402
2 35 23108
53 98 729415
34 58 466356
38 49 793084
57 79 495885
91 98 79629
20 57 127829
8 71 103664
26 90 759188
64 95 369184
46 74 530136
35 82 333789
17 78 51504
56 87 594025
70 91 315315
8 14 293130
27 34 190712
17 57 995213
6 75 438878
22 54 472511
89 89 764675
25 50 637108
2 32 9103
51 72 499138
5 27 370792
2 82 55813
55 87 394365
32 65 20186
2 28 543295
33 62 445414
85 91 435553
67 97 979151
15 36 261917
25 49 298239
89 96 952175
82 92 433767
50 91 623258
65 77 290615
61 95 156961
15 33 194281
15 43 367629
37 92 185461
45 73 739948
14 47 135900
12 43 176013
6 57 174048
20 76 993543
45 86 866119
3 77 155761
56 93 461790
25 37 124458
18 74 626930
69 75 202001
24 60 186775
32 74 46923
24 90 302371
72 75 539202
26 89 925874
23 78 836898
17 73 723938
48 92 984284
3 41 636885
40 65 627429
26 81 172532
41 62 16822
53 92 474601
19 26 9868
6 40 764386
48 71 618728
32 60 273747
2 95 366286
12 71 581618
18 30 893383
33 41 97531
8 9 273313
71 76 894188
74 77 102443
33 41 772615
50 84 338620
17 30 592277
19 26 981548
96 98 536992
34 89 452055
67 71 134902
81 93 255007
71 80 495851
2 83 649320
53 53 694421
17 87 898524
21 36 264400
86 92 981671
50 78 878138
7 13 9019
19 97 809718
20 76 64395
17 79 376618
45 68 993553
68 71 462787
19 43 489994
94 100 523374
11 64 986934
23 33 178591
35 94 292251
77 99 795149
57 77 286594
47 85 843953
15 24 128118
1 97 573900
49 62 465418
61 66 548960
82 88 241938
9 52 597940
34 95 148391
13 92 854099
56 81 31653
62 73 460363
21 75 324654
16 65 591280
6 62 845671
38 43 253912
57 75 185784
58 62 559839
22 83 712014
17 80 778531
59 79 492506
43 87 871751
17 20 122833
17 94 208434
29 32 397805
49 86 678991
29 44 913833
4 87 997068
38 51 853190
24 38 268253
27 71 617226
60 64 379384
61 89 138238
23 94 975897
45 73 551085
24 32 776830
16 37 705578
62 87 482026
38 50 233033
90 95 23396
90 91 838691
3 35 692599
26 91 77204
28 73 478321
2 97 519678
1 43 494118
3 44 955142
7 94 711085
22 67 520660
8 62 50655
56 81 322389
44 96 300317
32 54 454779
13 37 859337
21 23 452473
7 93 478730
62 81 566345
29 36 119819
50 68 543016
7 27 392442
4 37 771351
46 88 95499
8 69 691674
39 58 459381
19 78 99323
2 46 266034
32 44 997957
40 71 256577
12 91 841547
56 62 295141
4 76 33953
3 84 42853
92 93 822368
12 77 338700
58 69 810725
33 84 218216
35 37 256144
79 82 589133
1 59 329542
2 14 956114
80 85 260529
27 98 564176
40 79 801278
36 45 892264
50 70 813148
16 72 413949
63 74 824514
14 41 636404
7 28 300519
79 90 459512
16 33 883785
36 64 583290
82 86 970409
4 29 688299
22 28 311499
44 45 822787
48 61 980728
1 83 129083
49 87 972222
32 69 26132
60 77 315309
91 94 24721
31 58 511578
51 92 749879
47 86 104350
61 73 990033
49 70 584086
12 22 298352
10 66 159138
55 90 790949
6 96 964136
35 37 342152
26 36 580816
75 100 911219
21 63 669959
57 78 396677
44 71 62911
20 91 887393
82 93 112811
6 74 530670
66 99 654342
24 67 105943
45 85 400011
73 89 616778
87 97 907387
20 49 294780
41 65 795805
25 58 111073
32 64 568759
82 89 416950
26 47 246424
50 84 347257
6 64 824336
7 23 828589
36 86 501364
41 48 189081
42 58 407965
78 87 192264
13 40 989608
9 42 979081
33 80 427509
75 75 338094
43 91 477290
49 81 630927
6 55 130031
98 100 72070
39 68 795250
7 49 149042
57 68 740514
4 21 373302
50 54 920438
30 68 321977
31 62 567141
57 59 603622
66 83 312493
84 96 156332
9 49 610447
38 66 570109
42 70 542800
16 70 271825
57 100 376503
88 95 294306
20 52 227091
27 32 798511
45 72 904884
8 49 81851
21 62 846959
41 92 486797
59 74 324253
12 62 30960
31 51 508891
69 100 371763
2 10 589321
21 89 251816
29 36 824525
75 80 164775
19 92 203984
30 66 171850
10 65 214909
72 98 912432
9 12 287815
40 74 77436
35 84 476385
44 52 489430
56 75 970054
59 62 738855
36 62 319985
55 76 943006
26 44 117220
52 84 416496
32 91 453667
72 72 995537
57 90 102712
6 8 759102
11 88 677359
36 87 544630
67 74 441625
47 59 144506
44 64 834763
44 75 694482
32 72 37023
15 75 97097
46 49 250671
28 57 544174
3 6 488287
28 67 560211
51 74 971218
53 100 877456
5 18 612145
10 74 998207
50 60 359914
26 69 941695
67 80 297132
71 100 511476
23 37 851054
43 68 779523
9 13 716263
11 34 960472
46 55 193814
55 65 962722
25 96 100538
42 76 571283
5 91 564568
4 63 706595
87 88 677242
1 41 298572
46 92 617068
73 84 284557
52 88 938111
66 99 311082
54 79 719497
64 86 341480
39 62 436385
22 92 75795
85 99 534053
50 98 598138
55 82 63669
8 46 840623
25 67 332087
5 9 797066
12 45 812947
4 18 587365
27 56 815863
31 35 707552
18 28 441427
27 68 495900
35 96 176411
61 98 253185
52 72 850186
51 69 974138
35 100 42651
11 13 213366
44 81 670545
10 28 200424
56 71 711022
59 66 117446
35 90 494269
42 51 619723
2 97 365386
26 26 763446
21 32 213350
18 95 706699
42 71 392743
18 66 651215
58 78 206116
66 71 1998
16 45 839227
48 56 30295
32 90 473420
57 67 686524
8 68 767101
15 17 88405
4 35 196471
26 83 855484
37 89 587493
33 78 997713
14 98 580730
32 44 502645
20 44 417706
7 15 124369
36 76 464238
4 60 503310
16 34 395906
1 95 464860
52 56 226792
38 75 405741
29 88 735333
20 32 815033
51 100 338689
58 92 460986
23 68 711177
33 49 60016
20 72 555022
29 35 224156
37 86 487718
44 45 464775
19 78 519144
5 13 791802
7 39 452530
15 71 917957
2 55 134821
52 99 206778
13 97 546213
66 87 71857
53 96 557275
25 50 386629
15 66 759029
13 53 558803
69 78 986339
26 42 640576
17 98 732762
17 99 697009
37 69 507218
55 86 929938
21 50 95946
41 79 884690
15 45 894529
69 92 432676
14 74 46717
22 36 69118
64 77 998150
2 6 720731
2 63 148457
61 93 97147
21 47 580023
16 45 858783
16 35 445126
30 41 554640
24 72 725997
38 84 392663
13 59 855626
27 39 700420
31 88 824702
6 98 19561
51 80 254829
61 86 9054
51 70 320961
18 64 711550
9 47 504677
1 13 258982
8 13 492300
25 46 27835
1 55 763050
87 99 547106
79 99 982648
46 88 872200
17 33 519219
22 55 789210
15 83 711259
35 80 833803
48 62 76342
1 8 401043
3 94 178380
42 55 760365
12 21 4522
13 26 315478
48 64 82849
4 39 995155
2 94 478855
9 25 746793
15 55 2291
51 88 608613
29 67 229571
24 85 277332
23 70 919512
14 42 314186
7 22 366486
7 80 462301
1 5 425383
12 44 712296
65 76 806007
23 54 713931
42 71 822071
2 96 62823
89 98 497052
4 19 510117
22 38 710943
22 30 382894
2 45 927356
28 44 80754
30 44 825462
24 36 115364
54 95 723791
52 82 330682
19 61 29010
6 33 873007
65 97 696780
44 71 105219
15 73 770508
44 44 959288
71 94 310953
57 95 756436
30 42 165690
81 93 895396
41 81 385246
5 7 855797
13 62 149491
19 98 523099
64 65 488481
93 93 96300
13 45 457486
74 97 79427
90 94 916649
17 88 324544
3 64 520098
17 63 832324
5 62 527150
28 38 526648
18 26 187398
17 51 394374
18 24 624487
19 99 583964
70 94 355217
77 85 636077
63 80 630602
92 93 362866
23 29 95898
88 92 451427
51 86 301135
22 47 674625
31 59 921080
33 54 925390
52 62 204460
14 62 208656
35 91 91330
18 24 475028
39 67 843929
32 66 472039
2 52 841936
11 32 255069
14 58 449420
18 48 455564
54 97 81911
94 99 882063
33 48 42237
55 61 538502
3 56 606415
57 74 831571
51 79 334882
78 93 777820
15 83 957871
28 34 192974
27 88 211059
18 86 886870
23 45 660654
18 32 779176
5 13 495590
52 87 155578
15 68 801955
8 38 773832
39 77 97011
55 93 639376
64 95 256741
24 53 350484
64 79 65936
36 78 131549
36 72 963020
5 57 30005
85 95 803125
7 68 17578
64 91 613741
63 66 169232
12 28 301976
32 33 77693
4 47 522144
38 94 495244
22 93 414385
39 53 562653
23 50 996924
29 64 476754
1 42 173815
30 60 373714
17 41 122905
93 97 783559
19 63 570335
35 91 861986
21 30 123724
49 51 831060
7 52 572259
58 100 391124
67 85 393837
34 77 14429
11 44 104376
22 44 231023
15 23 806867
27 96 20876
6 10 498645
2 28 377019
11 34 937302
70 89 435463
49 76 864626
76 81 239102
43 100 647307
13 75 792372
36 78 57862
49 52 781695
2 46 151882
34 48 4475
54 62 270215
39 96 545413
12 76 971179
53 73 958466
88 98 864300
87 100 633368
64 88 211907
27 37 186034
39 72 731821
20 89 984062
24 51 250603
57 76 651696
40 62 390081
54 78 73150
8 94 118264
15 79 393956
52 92 497438
91 94 944928
33 34 857794
27 49 754293
6 34 828347
48 92 199914
2 86 91361
56 82 74569
14 97 242384
11 14 713763
10 90 317802
69 100 170313
70 85 231508
68 91 926482
34 50 768246
19 66 156442
91 99 542269
27 93 80447
8 74 590042
49 86 893604
32 95 441411
9 92 681840
4 4 583599
1 55 962637
8 54 659420
32 58 610476
16 93 883594
9 94 92926
9 46 139711
75 80 964602
2 44 350276
32 82 531996
22 55 667749
38 53 593250
2 19 470322
63 68 662159
12 34 140674
65 75 378282
11 78 663789
51 60 146301
35 48 375696
50 78 622809
7 28 121867
23 98 768271
51 70 438467
38 62 396470
11 71 123554
34 49 914986
21 42 33108
22 61 818761
17 61 26443
64 91 803446
5 61 758202
17 22 88280
17 69 662235
5 53 189274
2 34 494508
2 52 602538
9 20 277611
36 60 755324
20 23 97887
37 44 126471
17 63 829713
31 42 206660
26 100 644621
30 37 429620
60 83 4579
70 97 997977
6 20 12714
15 23 594618
4 88 231738
7 19 711458
20 34 673776
22 98 222432
8 92 297964
1 29 782470
25 73 885780
44 90 751339
24 24 62736
42 52 429803
14 99 538573
2 82 609508
21 51 367100
33 91 408697
47 64 99731
13 49 510545
16 79 944457
44 58 64791
46 77 725660
72 94 390138
4 91 549517
31 67 627308
26 91 617824
20 56 216484
72 86 478111
31 58 179678
42 59 640662
18 90 152792
2 75 102038
45 81 886869
6 38 150387
26 35 651612
46 91 726408
37 78 498936
9 48 301297
55 83 458680
15 17 204814
1 89 847470
27 93 867909
24 35 691185
55 91 847486
9 48 36381
39 75 642918
87 99 31312
46 90 582831
17 35 328942
42 76 577356
52 70 872924
18 19 981688
16 69 174598
45 55 268910
34 71 44890
27 37 276592
44 75 777932
43 53 428418
34 60 973267
5 35 365934
7 73 271465
19 88 9151
4 84 129677
16 57 902793
1 34 769410
30 42 50206
54 93 730383
50 82 968151
71 83 386623
6 6 795923
25 93 499041
2 66 332209
21 50 943623
35 93 333655
65 68 412233
71 91 846061
42 50 20993
20 25 753889
50 97 386894
63 81 670306
5 34 2195
13 98 879015
5 45 509431
38 87 998503
46 78 941733
50 69 629089
25 70 269900
55 88 182227
65 99 768158
72 73 447173
12 13 732178
51 85 70397
44 100 727268
5 82 28106
67 79 26323
58 75 179453
14 24 150496
30 95 975209
28 48 22867
14 83 24744
89 94 925751
63 88 452182
63 97 838875
7 57 691862
20 70 139921
36 91 472459
26 60 886513
8 87 175326
18 48 421269
32 86 344956
13 60 575900
2 62 997719
35 51 87593
15 42 422115
47 92 13795
52 59 87448
16 98 959733
32 88 51572
61 65 620494
28 51 729016
13 51 489440
34 87 258089
95 100 376547
67 80 539086
31 68 576593
5 47 64438
47 66 56681
35 94 379570
20 34 82863
74 76 881173
78 92 838632
48 61 232953
6 28 234656
68 90 451131
73 75 757542
17 85 369275
61 71 747276
50 85 780895
48 68 556010
5 66 113487
7 26 595930
52 84 56249
28 94 989755
86 96 690252
66 98 202096
9 61 185663
52 65 706401
41 98 607114
52 71 942583
3 80 9769
70 74 592098
22 83 76126
16 67 745748
37 89 180269
62 84 781445
58 77 849184
35 97 258799
30 78 429059
20 83 644945
17 47 466984
34 80 408750
89 94 820770
17 53 496782
14 23 71755
40 48 558586
37 69 363264
12 54 936194
11 69 981281
8 83 229624
16 41 658644
81 91 238516
52 52 892034
36 91 97616
28 48 376214
11 74 414827
3 35 316867
85 90 439337
16 29 595197
1 33 146799
56 89 973564
21 68 403305
29 47 427839
19 55 52806
52 81 283205
3 96 976440
68 73 847123
25 54 540535
48 66 618931
27 71 674813
78 95 958705
25 38 223562
24 45 252511
80 91 884383
45 78 420368
53 86 720709
1 15 795934
42 45 895621
86 94 780838
86 93 525871
63 75 904392
32 64 882709
6 16 141995
79 100 962127
64 72 884789
40 62 133431
82 97 414997
56 86 235693
11 13 51834
23 94 408018
86 88 621467
2 88 89934
4 9 264112
35 57 218253
35 36 340917
58 73 320444
18 25 871340
1 5 814798
30 68 37914
40 42 440187
14 60 585543
41 66 923837
2 80 188416
13 71 932756
10 85 693335
52 93 149889
47 78 441759
50 57 472972
14 43 23858
5 22 676801
25 31 378093
9 56 530029
39 58 851121
62 70 532515
15 81 495330
25 58 249339
12 73 194985
46 66 723279
31 73 757940
49 63 222399
84 100 237555
54 64 346604
13 92 390875
75 95 257791
14 93 64165
15 52 583713
30 50 552909
10 81 820546
17 74 733461
3 3 588053
13 78 716610
64 84 881296
35 74 608988
31 98 625518
18 41 913968
15 34 826478
30 82 292880
11 43 290772
21 96 542799
1 76 904613
7 41 782215
37 85 196718
16 90 329301
16 73 800572
69 73 166426
8 65 297250
11 74 882106
6 8 812792
27 70 3615
5 98 138329
5 97 360821
27 82 137826
60 65 145260
18 81 873336
31 47 617403
31 62 421568
2 8 862234
23 76 408806
43 93 882886
23 77 918746
14 92 662655
2 43 921356
64 96 613579
99 100 770485
16 41 677810
15 35 525071
41 57 711297
19 51 256602
21 30 572426
10 75 30424
49 70 558880
2 96 204879
14 75 407773
53 95 912268
25 33 590175
6 97 970780
7 18 983620
71 73 576658
10 97 703284
19 39 101318
29 38 82005
43 57 776979
1 70 639638
63 96 268310
72 81 593959
30 41 411188
19 46 870077
74 96 198290
13 67 766993
42 47 124701
57 100 214240
25 83 540610
31 39 60010
27 61 118709
3 44 774453
42 47 337964
68 87 86409
8 13 425186
79 85 772339
45 49 855127
32 64 512197
7 14 920204
49 81 559186
27 72 176458
33 87 630901
26 29 521050
58 75 285833
4 76 754509
44 75 72624
64 78 245747
21 90 697358
32 69 78757
5 96 812173
62 94 638
14 32 252312
34 38 449372
35 44 394595
26 94 223137
30 80 532128
22 23 971190
39 57 178121
57 88 316804
30 86 415130
35 53 109051
11 45 928982
33 58 869390
11 17 726143
56 88 629619
4 73 759073
60 61 65766
47 77 326150
4 32 611748
54 56 76161
9 87 877554
14 74 346341
38 81 212246
2 51 351181
68 76 75738
19 69 179284
15 39 261839
10 32 535324
45 56 429637
4 74 304969
57 100 636630
62 97 813509
69 72 982170
48 99 202300
1 30 169458
6 89 19167
48 88 692480
22 39 350307
40 78 44330
78 80 689345
75 92 828829
32 65 464438
51 100 387078
48 80 88706
36 91 347673
28 31 991211
28 74 770508
65 86 514873
28 56 586906
61 100 893882
15 60 965891
6 18 277310
44 49 808905
91 93 570009
23 42 920883
9 15 516198
50 92 307915
77 86 444864
18 71 609698
22 77 585545
3 51 37576
79 95 77413
11 16 248343
7 36 129342
10 51 443687
46 70 760960
22 22 320025
26 59 280029
8 51 309071
20 21 362184
42 67 42736
34 48 402427
41 66 438822
13 15 29683
80 81 991713
54 92 157360
11 19 89876
15 50 709816
45 60 466358
8 75 737171
53 83 978368
49 84 140367
37 48 736563
28 78 313212
72 92 824401
66 68 590254
23 86 274465
10 67 33728
5 38 535341
1 89 740301
21 47 246854
12 59 364791
39 43 709692
46 50 333859
17 31 545897
39 65 144185
7 31 454245
26 39 941286
36 95 220177
2 11 115035
70 84 494479
76 96 691533
67 78 494534
19 89 756725
3 90 168097
22 99 283728
2 70 291086
9 41 493727
31 95 609025
34 62 991974
61 90 802544
51 99 244974
11 68 355799
9 90 918661
70 71 106228
27 87 463227
72 92 661130
41 49 386020
46 60 680863
35 41 344475
52 79 674112
27 42 536444
29 39 652283
63 84 894311
27 80 805985
3 30 419201
3 63 881100
73 83 200436
24 98 462741
25 63 537708
42 57 430810
32 77 796763
61 75 649728
36 73 433396
19 70 267949
49 75 63089
65 92 939532
44 52 93455
1 16 755979
10 32 618959
20 68 497502
44 82 681333
26 48 759484
63 71 115530
29 50 55967
40 70 118940
8 70 441797
40 74 844283
2 2 438643
38 46 947132
48 75 910063
66 96 815351
1 95 543236
83 86 202827
20 90 768001
19 24 501399
18 93 589560
27 28 651264
70 97 880384
7 54 174512
33 39 811381
25 76 441812
18 48 473141
15 78 787867
41 63 13219
15 21 155451
17 33 149350
42 64 954862
10 53 290792
22 95 562095
40 72 602906
11 79 399999
14 35 350189
54 95 822373
32 96 236760
29 56 385191
58 88 82391
16 64 890964
38 56 78696
77 93 856124
12 97 433742
8 19 309812
15 66 734480
49 79 740820
23 52 11001
21 34 152891
7 8 870679
30 43 955912
75 88 677311
8 79 946081
47 86 224837
60 93 780206
6 30 730566
20 92 844188
14 56 302816
44 79 811741
15 18 363126
50 86 89316
37 63 941359
6 96 179947
54 70 871478
23 77 63407
4 93 156601
9 55 946865
30 40 121580
89 94 120821
8 39 319878
50 87 116165
24 34 295105
8 79 224429
95 97 892060
18 23 383294
59 72 684058
94 96 293261
36 97 108674
36 53 5491
32 36 419679
29 90 135948
9 92 595071
39 44 673978
8 30 533111
39 79 703266
47 90 717147
30 44 917356
67 82 282440
21 51 764742
45 52 472668
12 31 993375
3 99 592250
73 74 617006
19 54 407049
7 41 822506
71 74 573236
73 73 546193
59 74 794666
20 60 916196
31 96 962589
41 45 517351
75 94 214469
22 26 787364
20 36 21340
24 97 945383
37 50 935905
67 83 557761
55 97 702679
37 56 377607
21 97 150725
1 47 218130
67 68 596598
46 63 170558
51 82 18360
4 85 846190
31 89 105760
23 47 16580
33 59 781634
78 84 404908
39 82 881723
20 87 119568
47 50 479209
30 35 160163
19 60 929520
53 59 825240
76 77 696117
17 63 757674
2 91 537316
51 66 288532
4 30 584939
14 88 870104
8 33 376767
30 69 992186
19 24 313364
46 78 355844
2 87 539303
1 96 881026
8 9 986998
41 71 900805
3 52 920645
26 66 123874
10 20 962585
49 100 947762
30 74 143550
10 67 228818
22 57 7426
80 84 887266
24 55 584634
16 93 817096
28 96 479162
3 25 787372
13 37 928159
33 66 953148
2 63 819208
68 85 703527
37 90 993238
77 90 709412
48 89 38769
4 6 570922
14 74 615748
42 76 916920
61 67 621054
5 45 336716
47 59 344401
54 64 984622
17 56 748661
31 71 390629
51 52 603812
43 55 689214
4 44 406749
69 84 38794
30 41 303203
3 64 931614
45 80 95486
15 17 860499
45 78 96887
6 62 478086
42 90 639581
59 70 399127
74 82 232773
28 45 561836
8 39 323
80 98 375725
36 42 451125
53 93 488904
27 90 328055
17 17 378349
33 84 191149
44 64 57104
24 100 899006
34 52 533484
5 95 134422
74 83 798268
12 46 922913
3 22 635074
30 58 347093
71 89 548739
32 60 968998
30 82 814726
40 68 404114
22 80 721819
29 49 150741
87 89 967120
1 21 974195
35 74 475195
44 65 47539
37 100 847797
37 63 267425
25 46 591387
51 78 411529
80 96 169357
10 74 780417
4 79 367665
41 82 115038
31 73 973872
12 47 986939
70 92 577333
60 88 823543
60 90 301491
59 93 704501
55 99 363678
22 64 547997
33 79 12207
36 81 91288
43 75 243362
8 69 972118
14 63 875321
22 99 243529
16 56 825976
18 28 487529
41 81 851497
48 62 543408
57 95 119001
31 71 408414
18 55 771223
61 94 722484
4 13 210233
39 84 225274
81 99 542872
22 46 668284
28 70 251025
44 81 134086
14 16 15685
10 43 602734
28 48 658904
83 91 61833
43 57 609971
49 62 668850
1 24 618116
55 90 473032
60 72 792059
55 92 837231
67 96 401676
8 80 329356
6 23 423218
59 87 142923
32 45 660201
24 27 102875
25 42 955697
16 67 247663
4 45 239311
33 45 727165
5 21 456653
38 77 443392
63 88 556343
25 82 248759
38 41 222367
16 82 946470
29 66 552856
77 97 730450
24 57 531324
44 45 835719
15 95 904680
57 87 29332
69 92 523581
17 75 623948
53 62 624799
14 48 531333
22 35 489720
15 29 784602
83 83 616115
9 94 724011
51 73 104899
1 25 576473
12 94 923356
38 87 955724
44 95 916151
33 83 391152
56 98 319952
39 95 352690
23 52 463017
2 8 388869
67 73 962951
55 68 23393
30 78 199282
45 97 795905
30 83 126135
54 85 790050
61 80 259816
41 66 868233
71 71 160856
17 51 770171
75 97 785122
38 61 202180
18 62 887649
21 67 916403
20 70 173366
34 76 687643
60 98 344007
30 42 309778
47 97 134333
50 90 289779
58 63 801604
11 81 443486
51 63 897933
40 52 678516
33 78 201229
23 53 319902
62 65 913916
44 60 719301
64 73 540313
11 95 249753
52 93 392675
7 90 823693
22 84 615136
2 13 986199
4 9 107480
90 96 716594
21 43 486296
18 91 229854
22 93 936306
12 22 420188
10 75 675769
62 82 162229
9 72 938952
26 74 215218
83 93 19130
26 76 502243
53 93 405616
72 89 515995
4 21 665745
11 42 272368
14 48 88387
39 42 342333
28 57 654901
90 92 902562
61 100 861719
4 52 347585
97 97 383710
72 81 410368
53 68 19779
61 77 898572
2 29 843971
1 93 48914
13 16 757662
30 71 484677
22 83 949402
50 58 901917
16 52 679231
32 53 356437
38 100 827418
69 99 395306
49 58 289405
24 27 736993
11 77 658491
60 99 241984
72 97 302319
12 79 436945
46 52 238324
74 84 507684
28 38 128236
1 65 870668
29 45 846075
17 42 456671
68 94 542411
30 63 212089
33 62 171272
23 69 598007
13 46 967075
48 65 912382
26 69 952337
5 43 94004
17 60 551371
56 66 651075
8 27 717965
71 72 714011
4 40 377050
36 92 917487
51 75 534837
41 91 686581
24 24 337511
31 82 817321
55 99 886717
56 70 806408
17 18 791305
12 37 353559
30 37 936222
4 82 200028
53 88 130135
8 97 966689
27 43 559695
4 37 83766
69 85 46952
87 99 111726
62 73 82630
44 68 116191
72 99 47827
57 81 839781
44 80 865147
94 96 557917
4 46 549423
72 86 392812
34 68 55524
22 67 883832
30 85 788243
20 64 69163
15 81 924089
71 100 677558
50 79 787223
66 90 472777
21 84 441776
33 64 634718
22 53 384912
55 57 634157
61 66 137473
4 86 461111
44 55 502806
63 99 774846
63 71 755683
18 22 798280
46 94 701760
60 92 843298
14 27 115211
8 33 903257
10 93 278629
58 89 929793
1 87 291379
22 28 546800
6 21 651805
10 13 391426
4 27 450384
15 88 714645
72 92 485181
44 75 180300
11 36 933017
33 38 904973
8 15 8413
83 92 408965
28 95 379718
9 87 701281
72 95 476500
21 30 252309
62 68 907469
4 53 210199
24 79 737530
12 68 288611
26 68 374310
21 70 943543
45 97 395940
39 78 304790
30 66 806152
1 7 606982
32 73 714794
13 76 659156
43 73 973865
38 69 906957
57 73 280292
17 90 239685
44 54 444480
41 81 914514
25 35 430183
25 39 694288
33 62 930565
57 96 532189
9 19 665931
3 72 901340
7 91 281007
88 97 323508
74 98 667624
10 20 560655
20 80 226292
10 40 363742
48 59 329683
41 50 146258
25 34 944907
20 78 950690
6 79 576548
5 22 405770
48 49 214124
40 76 121991
6 81 233907
10 43 535774
45 71 996878
21 93 64149
8 84 810645
4 51 63863
21 86 794919
3 12 986258
19 33 701603
51 93 957370
22 37 699758
6 7 972934
28 63 475442
58 78 542863
19 39 448475
43 47 135606
7 31 619611
25 48 99037
23 35 863909
6 66 63723
86 98 683251
17 25 448523
6 21 830722
31 37 361131
7 50 430739
40 81 458687
14 62 904554
45 48 142461
72 87 763280
19 73 579233
66 82 194515
67 83 781353
49 53 164995
81 87 859224
22 68 104629
26 91 79029
52 57 171777
62 87 255051
63 71 855110
22 99 524456
6 77 731939
21 26 798112
23 86 182334
18 39 468682
1 68 568255
9 80 70399
9 62 7635
78 82 861728
38 83 117611
70 78 37775
73 84 161917
15 53 645491
35 63 397632
5 31 682551
27 97 681586
34 85 893578
9 60 462228
42 95 735390
24 43 276330
42 48 459754
13 48 615485
21 41 95338
41 76 876315
39 74 807644
44 58 333268
68 93 514947
15 59 610941
17 39 19814
58 58 875503
7 93 278416
58 63 354630
2 31 551055
33 95 400676
21 96 249015
16 57 582830
14 42 664799
42 51 138380
7 70 265505
2 12 782251
58 95 842460
10 89 590973
69 94 962995
58 68 356213
42 45 840013
5 97 202190
33 47 146069
57 94 178435
34 39 810297