7220
26 56 332370
2 80 431924
10 15 387120
33 56 45286
6 48 203476
61 65 47126
67 95 663264
43 78 938745
13 34 297338
7 9 527240
22 65 189455
46 62 727488
6 52 182476
17 63 332321
42 87 502948
16 52 866225
20 62 449488
14 18 171320
8 10 426568
21 54 232259
42 59 483213
8 30 64100
63 82 328033
34 50 231343
23 97 392522
31 94 869500
53 68 937429
70 98 997929
2 33 345743
21 93 183511
1 9 797324
2 63 494122
31 35 156002
72 82 949324
50 78 999660
59 71 974953
13 88 791434
32 34 871858
30 88 455902
17 75 24476
2 93 300815
44 50 704096
20 84 916551
12 73 559099
45 84 614646
38 62 655982
88 100 283407
29 66 257533
12 71 879368
11 51 895409
21 64 877917
64 93 302935
59 82 624652
31 100 110209
10 57 17175
28 72 158339
37 73 934599
17 27 288949
1 88 562278
17 33 996533
34 90 420098
12 83 986468
84 100 432815
14 48 223399
11 50 701571
58 72 233382
9 42 245274
22 67 602062
9 40 801745
24 48 186704
77 91 39309
21 72 101729
53 53 479604
8 38 324602
28 57 927472
13 75 308248
10 80 67314
20 67 8763
59 96 247211
3 78 385065
23 44 872466
21 66 400107
17 25 334882
9 84 908748
47 59 13211
68 69 701407
9 49 693439
22 92 252216
6 41 871573
22 23 480303
20 82 504808
29 62 653475
59 87 880774
21 37 2035
27 32 948035
86 95 163332
1 8 554485
35 97 950080
33 96 64504
46 84 309843
22 94 497386
49 99 738158
11 93 910061
16 92 62087
53 63 845418
77 83 981141
48 71 590347
46 67 981142
65 76 399230
83 92 606026
56 91 12471
26 78 939511
1 55 683436
16 73 803686
37 63 609753
42 44 689954
37 37 234364
1 18 276926
74 85 95256
20 94 195278
12 65 748020
33 66 303658
12 92 101786
5 23 578865
13 89 45467
75 97 284290
17 43 193480
62 98 874882
54 81 58424
22 85 337883
10 98 332359
53 70 272570
40 64 681043
55 83 973902
63 90 549823
56 76 974477
37 57 299250
7 81 905328
25 29 53654
29 84 476148
59 88 147996
10 11 951194
24 26 66485
2 67 536486
16 76 784600
33 37 787297
14 95 440961
77 81 103513
8 40 776622
1 44 858142
14 63 831394
25 42 676997
6 90 917092
47 62 84967
42 87 299326
50 99 74016
11 33 48897
85 93 941906
35 57 593406
84 91 902562
55 93 257932
2 59 546552
64 98 820295
76 96 67521
55 60 800333
34 100 214254
40 89 718913
49 54 238709
23 88 408906
29 81 108813
40 73 652755
72 90 742068
23 95 180490
44 73 146155
32 94 285539
1 12 836534
70 71 99989
34 98 783390
18 41 364825
19 44 355185
63 76 700848
36 54 70079
14 96 811037
16 28 49053
48 74 598245
27 32 677412
71 77 643411
45 58 258480
43 53 741496
55 57 60323
7 10 797541
34 53 839906
69 93 963825
39 53 143765
51 90 725688
52 59 440041
1 95 489752
53 90 357648
52 55 617524
23 57 68605
14 69 639475
71 79 886187
27 30 803712
40 81 654037
7 24 461962
89 94 912956
13 64 811267
30 60 624551
53 68 133346
33 44 885596
39 97 619747
20 99 716138
9 92 873924
9 100 119777
3 38 45832
7 98 380630
43 83 790710
19 38 389154
69 81 502105
18 77 724641
14 64 716928
21 26 272886
11 54 496445
43 74 353091
26 85 842151
2 28 773684
11 72 964634
49 51 662643
38 41 624436
11 80 206642
27 60 588057
69 78 154791
53 70 124334
30 82 758601
36 39 664479
49 73 708694
17 49 479578
65 90 957391
53 88 91027
8 45 260600
25 37 849729
8 95 727195
1 73 330910
3 34 625796
70 87 930473
5 36 622788
23 74 958821
55 74 272240
5 7 238617
78 85 945057
6 47 435088
16 21 992308
16 62 503385
3 13 229257
3 3 113094
15 79 203782
16 37 873263
58 67 454867
44 74 517358
31 79 488925
67 73 660066
60 76 65366
36 45 62830
30 86 331441
40 50 593785
18 50 383977
18 73 973422
7 26 950521
23 100 173948
29 69 228195
2 13 670741
13 17 95275
46 84 954929
4 95 925083
67 76 12681
16 40 532863
78 96 406815
4 52 779304
4 4 459123
9 14 108459
61 64 956237
74 79 639457
50 68 310456
46 71 477607
68 97 518083
70 82 409693
85 88 749312
64 72 655017
3 71 900743
19 52 539187
2 58 992690
38 89 746153
50 60 20960
13 27 220026
21 55 997684
12 79 701725
60 95 939285
27 79 306826
7 50 299694
64 94 239613
56 75 428398
34 84 11768
76 91 70279
39 52 416063
19 100 881329
65 70 459548
28 38 78438
31 66 199131
10 32 525029
71 82 101069
74 91 357682
80 87 950215
11 51 213522
36 56 185058
34 86 398289
1 78 48763
53 72 707390
59 98 843634
60 63 38379
3 38 284141
47 77 332464
54 77 547925
50 77 727271
28 50 301141
46 61 356783
35 71 175584
8 54 581803
71 73 17834
8 54 682051
37 57 23787
50 95 646816
75 82 717410
27 93 602930
52 84 304653
11 62 552747
47 93 542132
8 71 310083
80 95 876446
41 65 164148
16 26 944984
76 79 563197
4 88 366131
86 98 569185
35 38 583748
72 74 805032
59 62 71588
2 48 502491
13 27 403312
14 33 625226
50 82 817417
48 82 799431
23 60 796755
32 36 994410
47 84 89719
21 44 571725
22 80 433443
30 95 527503
12 98 895814
15 87 168404
4 59 415703
1 14 92033
36 52 563022
11 17 818754
7 31 81383
9 90 595846
71 97 184228
8 58 662527
59 80 912842
1 75 464613
66 91 962017
47 70 844403
49 62 136054
22 41 52134
37 43 459162
59 90 244610
74 91 69986
54 66 107151
30 82 432296
70 95 498134
32 41 748294
32 88 921255
89 100 480672
10 32 456660
47 48 335769
18 41 141365
20 67 919450
78 86 295908
24 28 98705
17 69 206081
22 85 336494
60 64 776173
32 84 58790
15 39 109840
76 80 542641
31 96 126422
81 88 683470
27 53 921644
31 51 106108
31 73 355461
40 44 146305
55 68 687257
15 62 680229
26 99 852130
15 16 148725
61 65 99168
16 27 860354
3 5 129364
14 68 760737
19 97 228487
38 54 127340
37 89 2242
11 71 554366
19 87 825813
62 75 386104
24 74 990354
29 49 452416
14 69 843857
76 93 533823
28 94 42668
55 90 333217
16 44 308611
38 73 91286
82 86 661111
53 93 33813
6 76 875633
37 65 298198
2 87 591066
72 82 140502
34 73 204002
17 54 341589
64 73 863036
30 74 37080
1 51 821598
33 59 560489
74 98 36547
29 95 456341
1 68 669610
33 55 484587
9 92 172247
35 84 208770
1 40 480079
8 68 926513
40 85 205343
50 85 786838
59 98 625172
15 34 732562
5 66 372609
51 92 353865
29 77 39806
46 58 186276
50 80 590118
37 83 328977
21 37 468374
24 81 576256
52 73 593331
3 24 401702
23 63 767202
67 79 260796
9 20 933456
1 21 893118
18 63 37930
11 71 144175
7 56 205219
4 9 218449
24 24 734643
38 99 33903
47 85 379221
39 81 529750
50 57 347526
27 35 902165
8 95 539339
18 66 846403
53 69 713705
94 94 204983
20 95 910189
49 95 199183
1 7 1764
74 87 789932
81 89 445793
23 93 479346
88 98 179324
65 73 633099
16 96 982736
8 65 265763
18 98 344506
82 95 118571
12 65 875359
10 12 295704
3 48 29861
62 74 524002
18 34 327798
41 90 961288
28 44 869634
62 96 28233
67 84 403260
21 67 195307
12 97 92378
49 94 791094
9 18 125591
21 69 373816
47 72 816627
33 95 358400
36 68 717743
22 39 427301
5 83 434196
62 70 8574
72 77 580652
73 81 733417
5 35 597125
58 61 418311
6 74 256946
17 56 512636
32 97 466827
88 97 111410
6 81 16363
17 62 366997
88 97 36272
55 68 568854
35 41 803068
73 78 921578
50 87 152056
22 38 762250
23 100 650573
40 62 987763
58 63 560427
2 94 576613
68 77 646469
31 71 61222
16 49 899665
17 87 957182
64 96 337739
11 14 848507
95 97 620209
15 95 608236
5 46 19717
2 20 295016
6 78 773520
30 46 510214
10 92 987995
15 63 763300
32 50 77239
27 90 645731
3 12 66548
49 62 294760
2 88 698156
45 58 747546
15 45 863863
27 33 935336
23 81 275254
31 67 142275
21 78 347275
47 63 736286
57 89 597724
47 95 107379
64 97 163478
75 96 56702
30 54 620710
23 49 505858
48 82 770240
33 73 61634
7 59 669594
24 70 989191
2 84 52016
18 49 344031
13 19 715199
55 96 866841
88 91 400908
38 99 59660
28 57 754333
48 96 594447
25 100 515452
7 73 140673
86 96 550842
20 75 605505
75 77 395815
32 40 234868
44 84 886301
35 39 28804
22 94 368948
70 84 798045
25 47 781
33 83 544560
28 53 208074
46 53 267954
60 66 493266
21 57 759580
1 69 879567
23 71 11819
31 34 872241
53 97 964256
41 67 391595
43 64 500479
50 60 558644
30 76 607889
22 93 748677
15 16 414371
4 66 871583
47 47 145927
30 64 438596
14 90 152337
66 91 41275
10 86 401562
1 25 110606
25 39 773374
36 49 636238
12 22 37471
63 97 984651
62 96 989601
72 85 349087
38 62 323246
11 94 391650
5 34 636338
8 51 646581
40 40 562015
4 12 887738
12 26 449064
19 31 858584
60 64 561159
81 98 247674
15 52 519097
69 88 534478
68 90 682174
11 21 878664
34 52 486492
6 37 548510
40 62 53084
23 66 21452
84 92 613577
2 35 159696
34 60 618422
47 85 854893
49 66 77815
40 76 881002
30 66 228581
8 30 682577
77 89 722332
23 38 958451
37 58 984766
1 80 601440
20 58 718064
8 11 285298
22 90 216474
47 78 346690
7 47 915305
1 38 537262
69 96 844302
61 73 69915
60 67 944318
96 97 746415
8 84 645427
77 98 891605
20 82 719976
40 86 348475
29 100 624734
5 98 356629
33 50 129691
8 99 21082
66 76 675240
12 98 382020
18 61 943824
34 89 889169
2 11 621158
34 84 807686
40 46 308286
21 39 568105
22 79 391985
31 99 170757
79 100 234203
22 69 836521
8 10 291038
54 75 477927
11 74 125983
14 34 716182
30 42 856774
77 97 238930
4 98 776512
17 34 131257
49 56 25983
8 87 161262
41 97 751734
22 96 500376
9 89 89631
29 85 373473
33 86 368119
57 91 33722
85 96 295551
19 68 741524
27 63 571643
7 77 160166
17 19 132277
55 98 448556
38 92 781560
9 77 113956
10 52 45591
1 46 165137
3 86 912806
30 83 946170
20 48 414334
15 78 361386
67 89 861627
14 54 331440
16 48 776704
41 93 763742
52 97 999663
52 54 346123
16 88 774899
78 80 645651
30 59 764409
41 90 68692
23 36 21936
37 67 377009
67 99 689039
52 61 100689
7 87 737421
34 52 374495
41 89 50216
18 60 8905
64 87 941217
27 58 94147
30 94 452412
40 92 767108
7 93 590274
15 50 257414
19 74 600193
10 22 531592
31 38 459465
29 85 59277
18 41 815599
3 14 44636
2 3 687116
26 72 839936
21 92 165501
10 55 706184
4 63 25890
84 93 293062
52 79 133537
11 31 867089
31 59 949794
48 55 676869
19 27 117522
55 75 740992
33 53 313635
11 81 769701
10 91 205064
62 96 641115
2 62 552764
12 99 440461
23 25 850426
18 83 114986
38 45 430019
50 83 217316
83 97 310942
52 73 210163
34 85 304081
28 83 741073
47 92 31659
28 84 89533
1 36 215932
13 50 866490
13 58 408153
21 82 778191
46 93 350491
55 67 94919
53 69 836575
84 93 577648
58 86 615877
13 42 958687
35 41 412339
5 20 241640
3 54 822161
22 45 827944
28 77 445837
5 9 726845
21 55 388246
29 56 173643
28 73 635299
4 9 246711
58 66 265835
50 98 51629
65 98 870636
5 26 736667
42 67 63335
47 53 220982
20 97 634465
72 76 655346
29 47 624161
12 19 830604
18 100 888182
2 83 100098
35 38 624624
39 98 292504
11 50 823780
39 60 46611
2 55 894251
62 97 66943
44 63 289442
36 87 467114
49 91 188137
28 42 168425
7 64 857254
24 49 467728
36 51 306690
29 79 31292
69 87 494696
37 52 149900
34 82 605835
19 94 941921
26 50 483230
28 66 139555
43 54 292764
90 96 42109
48 64 558272
40 53 781790
15 62 105484
59 93 866872
30 82 774788
32 46 695043
16 82 450226
91 99 571833
51 77 262114
23 98 760729
26 71 335141
18 76 850342
27 65 389712
34 72 678440
11 68 846460
20 90 968552
4 37 666950
9 67 507829
12 12 53519
52 75 554340
1 33 559291
68 92 654154
13 65 256563
14 74 976258
11 80 357796
52 89 677675
4 70 163904
46 82 923688
1 36 125307
12 57 163232
57 92 72845
15 27 215999
44 95 200949
1 65 786609
2 55 954802
51 100 934508
9 41 26377
92 97 222052
6 97 997444
2 60 420503
94 98 311279
7 68 721089
50 89 546267
18 31 76262
50 73 183262
64 77 595278
38 95 430607
31 67 572354
16 69 255435
30 80 671953
31 37 63925
16 95 122512
25 56 452208
13 83 990164
16 28 876133
79 91 789304
28 76 692994
3 41 821851
11 59 478583
46 53 464032
55 57 162040
29 45 539951
7 44 184640
64 80 746161
3 41 229962
3 55 973270
40 69 351192
40 79 887696
81 92 716527
1 30 627799
32 81 657431
6 7 195621
42 43 920349
24 82 831674
25 64 174226
27 50 854999
29 65 337676
41 58 86084
49 58 592866
28 74 720653
14 17 744178
64 78 245758
58 63 586204
36 52 239917
28 98 467078
64 87 690991
55 68 969433
2 48 216991
41 46 860288
15 18 893212
55 65 998574
10 47 147018
14 63 558679
37 59 499918
31 97 115380
13 71 517268
87 96 593985
33 90 395723
2 49 248896
33 65 206694
14 20 100150
8 66 60699
69 72 570219
5 53 990885
45 87 987628
7 61 445699
14 25 536650
56 80 609401
2 75 140635
61 78 879820
23 82 64758
50 53 627336
49 75 445433
76 77 210748
3 29 947652
10 69 903163
45 99 753726
58 61 592091
81 88 984013
53 98 489655
65 94 40800
31 85 493743
43 84 985639
15 33 196068
20 60 76887
39 75 56255
14 88 628008
43 51 984937
62 86 288345
14 49 532946
22 97 387817
10 11 758508
33 40 761246
40 76 341103
43 94 758400
43 57 470998
1 58 34332
21 51 969694
38 50 768195
11 63 344332
17 59 184459
20 41 384357
35 84 690059
73 97 627893
25 36 298465
1 64 312395
37 41 572526
48 49 357626
38 82 446614
7 86 486680
82 99 666434
81 90 191424
5 45 223072
31 34 603602
41 56 105888
78 80 993135
58 91 221559
14 79 284800
72 74 49822
76 83 935534
10 61 311122
70 81 874793
41 52 37779
29 62 226852
48 91 995750
44 47 658389
33 72 684566
2 31 198263
13 93 532653
23 70 803338
36 78 204221
2 42 870735
44 70 755356
67 73 790287
14 91 28193
49 66 921171
61 89 130538
34 41 435307
15 86 755352
39 45 270698
5 41 782991
51 99 558438
16 81 585849
1 67 787514
33 42 97666
43 100 348038
57 84 275419
18 33 874988
46 61 134201
33 88 425362
69 71 376213
79 81 809701
17 83 93419
44 86 69586
67 95 614974
85 95 816012
3 40 380880
27 86 686731
52 83 313964
16 79 353674
30 61 673119
29 44 15687
8 91 57464
3 18 96388
81 89 609614
11 92 408522
43 69 738488
14 49 566626
70 93 188308
83 92 857500
51 87 121155
11 93 509259
81 86 792234
7 13 52805
76 77 650096
22 50 403046
22 63 168132
74 86 884747
32 99 788566
54 86 611609
51 85 577819
42 70 272502
71 89 516364
24 48 901900
14 74 776678
15 57 792843
15 29 857705
86 100 636198
57 75 727515
40 92 11667
27 100 360452
3 69 450318
1 54 789874
51 51 144404
8 46 383156
19 49 679210
38 50 56737
29 86 638806
71 81 202768
31 92 143010
37 79 685728
78 95 348958
31 66 771824
71 73 626077
8 17 930021
37 88 296949
82 89 428265
16 93 18306
2 99 100584
17 45 202337
65 97 577939
20 52 900407
90 93 902943
32 78 451306
60 86 272901
24 67 797604
68 81 107586
56 59 885654
44 96 173974
3 4 925808
20 95 942215
22 72 547884
69 93 151261
43 71 549122
52 81 437030
27 55 749043
33 37 216305
21 32 655489
33 35 965013
2 11 41907
65 87 766122
22 56 500691
1 53 280652
34 79 851633
42 53 131613
22 51 181920
35 42 459457
4 87 683766
52 62 964898
39 62 557455
14 98 787756
18 45 313801
21 59 413392
46 75 367943
16 100 816643
2 50 869615
2 68 851583
76 94 896494
63 69 155198
52 73 556273
34 88 52228
30 51 357740
6 46 934164
84 97 252373
12 35 505527
67 96 444584
40 72 981371
20 96 908131
20 30 859567
11 24 885257
8 46 451242
6 38 557216
19 37 859652
57 70 628213
69 73 945177
20 71 972885
74 100 720459
2 83 456276
58 66 110847
71 73 667592
21 50 111708
19 75 548749
46 55 216850
34 43 722625
1 6 880399
87 94 889223
23 48 830601
27 70 104710
29 63 918457
66 74 590056
14 95 569244
77 86 339742
81 85 262323
19 55 535193
74 98 675458
14 97 880080
14 95 145298
2 84 690623
28 62 362353
71 85 939491
67 79 157934
12 92 348801
36 93 633760
20 58 505119
3 13 108383
7 11 836424
3 33 225031
45 67 589194
47 72 559546
23 63 638393
11 14 331613
15 27 980012
65 66 614168
62 80 118460
69 99 586648
73 78 216522
8 69 605326
3 49 291512
5 27 523376
7 65 983789
43 57 679221
13 80 519764
20 60 982939
8 20 201307
65 95 83746
19 44 348278
46 75 605392
22 36 523292
43 91 736622
1 53 596870
32 58 779976
2 92 147125
3 94 170990
34 57 268203
78 86 354807
95 99 686959
13 67 130619
33 47 210828
23 33 615638
36 78 374800
35 52 32235
37 48 886287
4 90 634908
6 12 576736
54 87 252948
50 61 778460
21 36 158975
64 77 25700
11 78 744783
11 32 111130
15 84 994231
4 37 285093
8 82 913265
29 82 29296
6 35 990010
84 88 621162
47 82 69203
35 93 12293
53 99 140032
32 55 913592
24 40 485259
17 48 64383
8 32 511168
42 60 470360
25 73 226031
3 80 187974
24 39 555119
11 66 520080
27 93 857496
23 28 78657
18 65 274823
2 36 688359
29 74 796316
3 40 865878
7 60 339645
10 91 58341
53 59 46674
30 61 533486
64 75 810120
14 16 58128
31 56 376016
74 79 55086
18 42 571744
33 71 85807
8 62 971183
69 85 566142
39 69 909499
33 56 329673
55 100 981701
16 30 353156
1 57 542481
2 52 77798
54 58 968425
19 90 927145
59 68 963673
3 56 913996
13 43 360561
16 83 185362
42 92 456712
93 99 999938
43 69 157174
48 79 24039
45 46 449304
1 92 187791
23 88 235150
30 80 444174
3 15 128446
6 15 100347
76 98 57616
13 47 541424
4 39 535473
5 12 994828
96 99 464275
34 74 361906
41 50 695209
50 67 4169
23 97 221166
35 90 128252
4 33 649245
25 47 693690
11 88 51512
67 80 827829
25 37 107203
86 86 94500
30 69 893192
32 84 287107
79 97 554962
41 58 369552
6 19 772212
7 41 160079
56 93 31683
5 21 341637
15 37 896597
20 58 133822
15 30 55114
11 22 627976
9 55 272961
9 94 884215
19 43 93536
1 15 883874
79 82 644367
58 95 654179
98 100 74876
6 99 284633
14 50 657814
76 95 655271
65 78 910420
40 71 334708
5 95 990509
63 86 145451
18 18 117152
37 76 694843
72 90 918827
77 100 189910
45 62 475606
51 60 774516
26 86 13031
35 97 261135
52 89 328173
5 60 736678
3 5 69625
22 100 713916
42 77 526750
82 84 548761
1 63 299190
6 82 839046
19 26 750109
69 81 375762
31 64 849014
19 36 223505
5 39 756196
12 40 267674
6 60 247632
37 93 245511
22 53 778791
50 54 222135
1 47 575003
17 74 966030
88 98 196384
5 80 524849
56 62 258158
26 65 91212
42 52 316739
63 73 312014
77 97 89824
6 99 292585
46 52 693642
68 89 896085
31 83 816456
16 71 64524
79 95 288169
52 64 439693
5 36 992638
37 50 519835
12 91 341466
44 44 553789
57 67 802903
50 77 626942
90 93 506386
37 97 129965
26 67 759275
14 78 400156
33 79 894536
12 86 475107
28 70 420113
4 18 507356
13 48 499124
22 58 981479
21 97 148128
49 59 967077
36 87 365260
56 88 7102
8 22 844464
10 57 784477
43 78 527432
38 40 704497
33 99 133590
18 50 187116
8 91 498334
76 96 93638
21 57 308330
60 80 120121
22 95 53190
17 89 490245
53 62 464132
45 57 406443
23 26 286839
29 51 667571
89 100 502777
47 93 641512
33 98 690855
23 66 765785
44 72 837729
50 85 864281
64 91 70669
2 45 453757
41 59 803220
16 87 120802
16 74 425121
16 24 696039
42 76 203303
39 45 469293
11 75 655514
15 53 439389
29 43 552178
17 36 608672
39 75 374382
1 64 221478
23 98 561805
2 29 709089
39 40 169172
76 86 129097
25 69 735245
24 50 771544
9 18 925892
39 67 514765
26 58 158411
49 82 263852
37 59 803445
46 88 88890
79 100 926876
25 77 458819
66 84 268701
13 40 577622
40 74 251800
63 94 700038
36 80 86132
19 46 530792
65 90 369175
53 74 339482
57 84 392304
14 74 539960
16 20 842222
38 100 130534
15 20 893192
36 40 382476
65 91 586934
7 10 818579
1 28 395188
23 27 765227
6 13 40580
64 98 726662
24 60 823083
4 33 796828
1 65 181425
14 37 40104
79 88 942627
18 89 574183
58 85 822099
26 39 702110
29 61 64212
41 85 877394
9 92 450240
21 91 82383
66 99 832308
72 83 111332
32 60 125329
55 57 460068
12 53 728443
54 88 686565
51 57 324827
81 87 258306
83 91 227871
17 26 702682
21 90 528887
29 41 754833
62 68 196440
66 71 139148
36 90 823867
39 53 966904
64 70 295452
26 71 740993
12 95 824701
6 68 266653
23 33 747683
16 71 981441
6 58 144854
76 97 929384
70 98 761187
62 85 640594
92 99 386396
12 90 129088
7 19 162836
55 93 667643
13 70 280037
30 33 51084
14 86 508076
7 73 362307
38 80 875594
68 77 76915
52 74 583075
22 66 690994
55 69 93281
37 62 171803
57 66 629360
14 45 827022
58 62 187456
36 84 240492
18 33 343368
76 99 867166
85 100 519232
40 55 711501
4 81 144421
7 35 348905
8 81 322103
70 99 392549
7 34 640444
22 96 461175
16 61 290172
40 94 718682
27 89 611908
49 71 274829
10 37 896998
14 47 169940
73 91 240757
30 94 423541
41 84 371851
50 62 875386
37 54 57734
8 74 706867
12 25 159236
29 48 144115
60 69 952748
14 83 25616
40 62 179303
67 82 527397
3 17 287457
44 90 278418
45 71 8651
48 55 229112
13 77 65562
56 56 288704
7 12 401863
29 40 49043
73 85 897678
9 29 108897
9 56 875058
2 99 825117
14 86 401078
34 98 716157
79 84 388707
28 32 992253
41 56 104838
21 51 21338
69 74 123953
64 74 442841
13 79 230455
35 50 714112
4 87 875379
3 60 311449
22 68 880896
18 64 423156
64 94 569856
45 85 810084
24 36 559447
22 57 154367
3 70 676462
71 77 136032
66 69 762995
2 68 418343
37 61 101142
29 96 97014
18 97 608397
29 99 69875
95 96 476686
38 64 668875
79 90 84697
12 47 952107
39 44 601902
16 68 980423
35 67 348688
56 71 243157
44 68 371595
10 71 498000
3 70 259881
2 80 748472
37 73 427197
48 73 709519
36 69 200922
2 15 697307
61 100 601563
19 57 685225
59 75 620443
13 88 894534
37 49 523516
11 19 120646
54 77 811170
27 96 363583
32 91 749687
89 97 115981
88 92 899623
38 71 56269
36 98 315491
11 14 49892
35 90 662496
78 98 739960
41 92 79127
60 87 245235
56 94 741765
36 46 674373
57 83 749162
6 98 605217
21 80 238028
16 48 772413
85 89 486771
13 99 295573
58 65 493101
61 100 678311
11 96 229642
67 71 208501
75 91 922206
26 98 473608
54 81 594820
3 44 776170
34 62 472535
44 88 21865
58 73 217785
2 33 661209
55 81 760526
2 20 480464
8 34 138624
20 45 148330
30 96 217275
31 96 415748
48 92 69041
36 39 915075
2 32 909013
69 94 181005
87 95 979105
15 24 170893
46 71 92306
31 40 820145
47 51 256296
12 13 849069
30 48 783081
56 83 382519
35 88 922269
8 92 253067
16 22 753298
14 45 944038
44 69 618200
58 74 74317
41 42 310275
39 65 355206
20 57 159214
31 77 403292
17 19 709748
49 97 736413
1 45 787191
32 70 798749
38 48 896028
9 85 365106
87 96 161099
3 40 996088
53 78 623857
1 72 863565
41 79 187711
11 76 881812
26 99 918314
37 67 641011
14 66 158251
14 84 625751
8 55 10047
52 82 241325
10 12 910759
10 96 626729
9 48 149927
23 38 526466
30 39 120008
10 29 206065
20 72 366488
64 71 598391
48 90 377767
10 47 463510
7 9 249801
16 49 128469
79 84 409
3 40 22335
25 86 102003
35 91 421410
4 59 574135
7 49 182866
41 61 319498
35 54 20965
24 59 959894
45 53 389559
3 31 204743
59 95 8422
26 79 168271
48 56 125781
3 31 161185
1 62 486891
38 94 950647
17 37 615826
10 40 427534
5 43 949563
34 50 119271
23 93 952599
18 66 366598
72 72 687325
55 78 317108
42 57 949065
86 98 668031
66 86 251417
48 85 231799
3 17 122832
65 80 66609
50 55 184821
1 20 872005
42 78 388115
15 95 960146
19 58 323512
85 94 672183
76 78 802168
70 78 986585
14 83 735785
73 84 910050
64 73 519399
5 93 738047
70 74 210448
39 90 23647
18 54 811591
44 45 296824
59 77 335539
79 79 30596
39 52 806015
38 97 438398
93 98 151897
5 72 596903
70 79 774133
51 60 922885
44 82 843914
4 17 890081
33 89 695826
16 53 373191
74 78 875212
4 50 168648
57 72 823483
94 99 563577
76 87 545510
22 98 127090
41 71 86167
54 67 667538
31 90 866975
61 78 859576
59 100 80719
40 61 458314
6 61 432383
38 98 144944
29 95 364552
12 85 44311
22 55 249035
61 90 572977
5 61 120426
22 84 239921
45 54 724556
21 57 411153
9 55 242012
45 85 450382
22 94 537673
54 81 615017
6 21 47173
37 71 225446
16 21 203335
63 90 455823
2 41 596171
55 78 872176
15 31 183631
48 92 103194
19 64 271126
54 97 536354
32 75 270056
20 32 647649
12 61 531149
55 93 954355
35 60 185111
46 61 213434
40 55 207959
43 93 989403
7 69 148453
37 100 789694
59 87 479003
62 95 135057
32 51 756120
16 87 21955
4 66 736127
72 73 116939
45 66 423863
16 56 966048
91 99 282603
21 22 838720
83 96 111753
11 41 925740
46 98 179461
88 91 302248
22 37 357846
14 29 228158
33 56 865206
92 99 903418
36 81 326372
30 40 766957
60 72 324515
1 70 368364
21 32 493178
24 100 801936
46 81 760820
14 65 979893
1 79 605152
28 29 263294
48 68 277520
6 9 157197
17 45 364252
8 13 842126
20 33 221534
68 76 732523
49 79 874549
9 12 536663
33 91 935364
1 21 729221
2 25 543538
96 96 153712
34 60 295978
10 12 35795
6 30 918619
9 85 286640
23 95 62455
57 88 184139
8 10 417590
45 86 212014
55 99 490194
85 89 764005
55 100 227722
16 68 43265
37 70 304033
68 81 168215
21 56 510622
60 80 126272
23 29 699276
16 55 295449
6 40 244026
22 85 158786
57 90 899386
19 83 844961
15 96 688484
45 98 482270
33 34 371538
15 42 438502
42 97 221219
24 49 686123
81 94 288634
42 87 35105
12 80 539199
73 85 469376
1 55 91739
7 40 594310
9 70 689917
58 100 102836
58 88 967514
82 94 422479
92 96 201510
62 76 323359
23 25 758622
31 45 495857
45 86 303681
71 85 451990
12 96 92944
26 87 570531
55 100 832787
34 90 343985
22 98 366485
62 99 83485
6 40 889381
10 23 419847
12 17 996565
14 73 258325
21 76 683389
47 79 507055
85 89 892855
19 25 603523
9 47 108322
34 87 853633
45 52 243362
52 97 206237
26 36 254620
3 75 426194
54 66 820860
67 83 42395
22 83 621745
36 84 219450
33 67 883053
12 97 127284
8 59 336104
81 86 929232
56 85 868124
21 46 669342
63 94 340616
92 96 14444
31 56 550064
73 85 22928
46 65 207705
12 88 328931
66 71 89743
57 100 501890
44 95 649889
33 99 567693
65 79 291105
49 72 741098
29 37 385191
46 90 887426
29 43 596493
16 28 829376
22 64 651443
33 64 922519
16 41 345402
71 77 515131
1 58 879050
18 34 608165
52 66 261454
83 84 861649
21 59 550901
9 87 195905
18 31 328946
3 49 851257
91 94 751226
13 32 623171
10 81 259275
35 70 410923
85 100 882977
11 33 340611
7 9 454720
34 49 86110
62 75 801392
12 100 626966
17 55 229050
54 93 272712
2 86 441582
32 53 735637
31 34 619806
27 34 354017
35 49 861730
1 98 144469
9 26 873812
5 13 23967
8 83 186068
62 81 140783
6 89 792259
46 75 593849
4 75 353098
62 78 408248
59 63 362386
87 88 330152
22 27 956427
19 23 497481
60 91 479527
15 40 994016
48 52 911966
8 58 418295
11 29 557226
53 96 771866
75 75 387787
43 60 965531
48 95 504450
61 79 273293
41 55 898840
4 64 97994
17 28 151382
75 92 909039
29 97 455244
11 46 170333
4 37 9420
36 52 207224
2 54 957934
86 94 242154
37 68 971533
12 47 14622
47 67 532550
6 45 181319
3 88 337470
36 64 609625
40 75 12250
63 99 298445
2 42 965894
18 26 612639
55 89 594417
20 23 596241
42 65 678414
77 97 705384
42 84 234515
1 39 68076
94 97 653371
30 88 298090
11 51 810821
1 91 120692
5 86 615349
53 59 64669
30 69 482961
38 70 454655
91 100 698979
52 98 269560
21 85 919675
31 75 440870
35 87 384235
82 98 498160
13 42 177355
48 96 177151
25 75 167798
32 94 515135
19 91 727241
9 88 467041
11 17 51433
3 62 243738
3 27 940667
61 93 831458
49 83 213548
49 70 642936
16 53 88681
23 90 480731
29 73 493285
64 95 465489
29 92 199000
13 79 843810
29 94 585405
69 80 937051
4 4 503825
43 99 408014
17 65 759449
61 81 230222
65 66 475418
72 92 662198
86 99 144481
5 84 20385
22 95 647099
34 35 761136
15 75 347387
8 10 957130
28 47 121849
7 27 768533
75 79 677776
5 29 167104
16 17 290013
18 86 285627
27 97 332485
65 95 984571
33 55 297518
52 96 568185
49 81 651138
23 53 77554
18 71 25969
8 97 994470
53 57 769262
2 36 892571
4 86 422511
63 93 983897
38 84 856879
46 78 266093
1 6 59118
5 94 306473
41 54 305006
49 85 952288
45 76 680181
47 72 483629
4 88 555536
14 78 416299
64 73 673932
25 33 772604
19 40 473532
2 32 733764
77 85 368633
51 63 552557
8 49 22683
50 83 386467
95 98 975747
48 82 585879
54 100 106258
5 100 401214
23 63 746225
60 92 577681
31 99 645578
54 93 679500
9 80 885323
5 34 544114
19 25 179175
38 97 748486
5 53 878295
1 63 88977
11 51 45011
36 55 814560
17 68 231644
19 23 861893
19 98 594355
29 43 905235
50 90 416289
12 37 624677
87 90 98352
48 79 743638
3 12 141550
66 72 529288
38 96 913647
89 92 438111
30 64 896713
39 71 277317
2 61 406935
2 68 331174
2 47 266041
79 99 218291
35 79 892561
42 62 740321
26 93 221829
41 45 90217
9 15 984450
80 85 784328
8 45 406389
49 90 562046
49 63 808466
36 79 93969
19 72 780367
26 52 374154
94 95 929192
65 92 666612
21 40 493466
8 91 102306
22 36 576298
47 53 786472
46 88 631326
37 90 371550
27 73 100033
20 54 587874
25 27 813025
43 95 405013
21 43 494994
3 83 65628
44 81 92010
1 93 509086
50 81 884548
46 95 996555
59 66 510080
61 95 663185
30 42 244224
16 21 215846
60 66 307243
43 46 312835
28 44 880427
52 72 992485
37 37 60081
21 89 102348
46 89 895661
14 66 522686
26 49 890329
4 14 803396
89 100 804013
28 64 424105
42 84 559786
3 42 113216
34 64 601426
61 72 778525
88 91 604716
20 85 51672
21 68 371650
9 41 317200
58 76 152293
8 98 75236
62 85 681510
54 89 976185
20 85 408860
52 92 263673
3 22 580643
2 82 163280
21 63 737368
84 96 264175
53 62 383264
76 79 533387
55 96 822817
6 81 926622
26 89 451654
56 97 970019
50 59 722749
11 60 102939
65 86 774906
39 49 208972
18 50 729523
4 85 526334
10 22 133348
21 61 228543
26 28 869899
41 50 351647
56 98 472363
41 73 853491
45 68 566667
23 28 533139
1 15 965685
62 66 974814
17 44 817146
30 42 463027
78 82 840043
21 67 883831
64 87 585823
48 87 962644
33 99 830642
40 59 44086
13 39 468994
12 78 485263
3 90 895090
67 77 941010
74 92 272040
5 30 331321
78 96 558161
39 85 771009
17 38 616475
60 61 272171
19 43 177720
16 65 92155
81 99 3615
70 100 934458
25 32 195276
48 86 326518
43 56 379517
30 99 506943
21 28 743157
17 22 991530
15 73 84987
4 21 335951
6 39 686297
35 73 25997
39 52 610336
92 94 226179
72 80 532833
13 30 317847
26 38 499251
20 89 151793
49 93 517810
13 55 265214
35 72 976380
4 13 467759
93 100 897972
63 76 651258
10 61 506817
14 47 224406
28 40 856526
11 67 366209
61 100 762505
13 80 895100
5 45 165094
35 54 402443
72 73 89052
17 91 968375
62 65 295140
15 60 826830
55 92 12927
15 54 880416
39 87 135855
5 7 28226
55 71 884411
61 74 762765
22 58 351150
52 86 281501
16 84 61271
8 20 797140
87 90 763336
24 75 153431
28 74 894488
58 82 939918
32 93 453091
39 72 412262
48 95 108615
32 62 297233
2 37 693287
42 70 823362
12 53 298346
1 20 79284
57 68 14139
6 47 334114
68 82 656201
11 84 501069
44 68 265030
13 77 427452
44 65 142313
33 68 115317
2 58 313582
51 51 211015
25 100 121939
10 99 471426
19 30 686747
28 45 725243
54 64 805901
32 85 190027
2 24 473396
81 89 165646
9 53 431711
46 77 889831
23 37 753760
10 83 290232
44 75 220430
33 48 292140
51 56 601669
11 84 633520
49 65 565859
17 65 228531
34 61 496267
49 70 97388
59 72 222565
19 80 811986
20 99 259929
34 72 661987
24 82 593369
82 93 361376
51 93 151894
37 88 937165
14 28 951112
43 68 445620
14 72 822377
49 68 385633
18 46 331640
25 44 548517
2 63 948600
17 56 192661
10 82 112560
60 79 936778
3 10 847403
87 98 311713
7 63 145848
62 66 645690
6 48 574441
32 42 886139
69 84 812437
52 97 164236
13 73 273112
58 76 232986
12 24 424081
5 71 362199
3 86 142369
17 51 907190
65 89 276272
45 83 192498
53 89 768169
34 55 257670
43 92 432699
90 99 254132
64 98 669272
48 74 105792
85 89 197815
12 63 35252
27 44 734868
9 43 871964
89 93 678382
31 45 44233
33 51 950790
37 70 774032
96 100 624740
5 72 87178
5 80 760915
47 53 803860
14 83 958626
30 85 222606
51 93 34915
7 93 702814
13 80 424110
46 65 406700
27 93 949021
6 37 28518
39 83 140303
54 54 324539
36 72 723879
34 61 763234
54 76 819276
24 42 837714
4 49 535529
5 13 956554
7 32 832109
7 87 764745
6 49 699082
26 52 300244
64 75 249400
30 64 180021
3 18 420593
15 98 441208
41 97 974388
59 86 576622
5 60 109381
4 42 755820
4 62 732649
22 25 790859
23 77 105324
33 58 745256
63 70 970461
65 92 762083
40 53 414734
64 85 827106
52 88 440023
7 84 170510
45 54 366482
5 32 873106
28 91 56862
82 96 861025
43 51 334430
52 56 623663
13 56 1402
56 58 357556
30 75 614683
85 96 360558
12 55 409776
1 75 90782
4 65 514030
48 84 646985
25 45 133898
47 68 432631
42 68 825855
11 87 314101
57 66 101516
35 45 399444
12 39 992116
28 81 932393
29 33 126847
43 69 868237
39 75 675190
41 74 170845
24 43 299625
11 25 874170
65 72 516394
4 67 84936
29 67 613777
50 65 539824
46 54 240824
41 45 423456
21 52 670398
27 98 703175
18 52 92359
15 20 918428
30 97 439544
49 71 701015
51 63 502333
38 64 828404
5 85 499909
28 92 253429
85 89 561474
8 55 262815
30 69 66604
55 62 289722
10 35 279101
72 91 375379
39 92 299637
72 92 847995
20 97 85
100 100 252615
1 99 416166
37 75 686288
73 96 878321
14 15 844979
21 87 337670
55 70 748113
17 73 272503
39 40 53582
36 55 313500
34 77 802259
17 43 221647
25 63 603726
10 48 735727
57 94 193391
9 95 323488
19 64 920043
5 88 49735
25 43 846970
74 81 889041
25 36 937243
4 36 123690
48 50 603277
10 62 136008
59 61 313877
9 22 454048
22 47 399677
16 81 864557
32 98 718546
2 51 402862
48 62 943523
30 54 144871
1 1 430406
30 33 388125
49 71 917845
8 46 33885
12 82 618283
14 31 31988
15 94 847913
59 79 977461
34 76 229685
41 82 891128
31 42 453176
45 96 998295
39 50 733022
65 87 507826
51 64 70103
43 81 121578
6 56 615706
11 15 54120
14 88 494239
15 82 431381
79 95 667491
12 55 583777
5 85 468838
41 56 323070
64 95 392557
36 52 591972
16 20 768642
71 81 345230
14 70 814514
33 47 973433
74 94 794828
20 100 722410
18 56 212390
1 100 467046
9 67 84186
25 40 169850
77 98 268739
26 31 331507
8 73 469250
69 70 304228
37 68 682366
52 58 736805
33 47 418141
73 92 486800
38 94 896782
48 93 490117
89 92 168769
35 70 611622
26 57 236971
46 84 417817
34 52 26181
50 59 247626
7 90 588171
21 88 529896
1 31 337343
16 98 158950
62 67 996710
13 91 477178
70 75 674696
58 90 573023
46 62 983539
84 98 651477
40 70 826102
20 35 316766
5 43 860327
8 98 801152
43 65 472992
41 44 324039
26 62 648316
40 95 619459
75 94 720989
76 86 130564
72 76 529767
23 59 580771
47 62 554500
5 54 998139
30 55 315807
7 37 156073
25 60 865771
86 87 8914
57 81 407644
49 94 772827
37 43 133355
75 96 268849
57 82 873493
5 34 830273
23 91 713562
2 77 826047
78 98 960512
3 22 354849
26 65 170639
31 76 631970
48 70 608981
35 63 951362
15 16 654305
31 37 844034
52 75 597578
48 80 920107
37 83 434663
52 81 81734
20 42 156630
18 22 884324
44 74 624248
19 89 563861
29 80 992689
41 63 259826
14 27 134891
42 73 77974
5 14 867858
24 29 581598
7 92 123735
75 80 19119
53 54 698095
19 70 204655
17 71 5139
15 56 323656
3 11 253824
11 45 689322
71 77 13622
2 19 748744
86 87 14331
48 53 134296
10 62 914263
90 97 673174
3 42 179287
82 98 536511
26 44 389389
20 55 777624
37 61 129933
5 55 175591
13 71 352559
27 59 833142
28 74 726097
33 57 984853
18 43 893012
10 65 633559
50 85 334237
40 93 922322
38 84 49427
24 96 76962
48 75 951205
24 63 917733
52 62 769987
94 97 331581
72 97 547619
6 88 122451
18 80 154492
62 83 843217
41 62 684811
33 55 48933
8 96 693203
37 88 810179
7 94 437527
60 86 682401
3 83 434976
31 38 650938
41 73 512251
18 70 131662
33 49 809530
93 98 563743
23 66 412977
23 54 998708
19 93 788984
59 90 600855
74 90 893038
1 49 305624
10 45 249265
36 44 352650
46 77 914409
48 63 880452
62 84 343933
1 75 523103
43 91 417754
16 96 345596
62 78 11377
32 97 339069
47 51 541751
27 67 457352
72 78 956581
18 72 291338
26 28 888504
74 99 468720
14 100 773552
48 64 22190
34 69 661203
49 89 769018
17 85 510954
51 87 79696
22 45 896768
14 55 876974
30 91 685992
65 89 950295
87 93 9014
35 86 233234
53 75 786946
74 80 694441
2 22 443755
7 98 213548
47 99 754000
56 92 991150
45 57 358294
3 77 807174
35 69 627175
23 74 422669
35 92 529199
65 98 570788
9 66 94687
65 87 545133
98 99 790445
16 90 92687
33 55 480528
34 77 220788
27 76 580166
97 100 252621
1 49 218511
32 60 188747
13 29 658801
46 81 987877
4 89 759093
11 97 874135
41 75 311846
96 97 221279
19 75 854167
5 82 868480
27 68 372380
41 58 148992
17 91 795342
23 67 409708
32 66 827145
37 84 172497
4 75 33583
12 89 521027
85 93 549157
23 71 360345
68 91 533650
16 93 117996
19 78 500838
11 68 994461
13 24 273487
48 78 809806
20 74 748163
18 55 589222
25 79 384123
59 76 854928
9 49 5172
31 34 178810
69 96 758383
34 41 160408
13 62 642928
61 62 432609
25 41 894593
64 85 733070
14 69 359277
40 75 6944
39 90 18439
2 47 920089
28 77 678691
36 56 316416
41 91 391450
60 70 894944
47 56 515208
87 92 945607
11 95 510927
15 85 754569
62 91 547924
18 33 375421
51 97 397631
40 86 484093
61 93 877053
4 86 886376
10 27 246527
21 41 944033
27 53 34363
1 85 629519
24 42 688616
66 68 866716
28 71 870468
6 46 163385
39 70 180880
62 92 305303
72 98 297232
4 28 833453
14 46 929165
47 56 393783
17 80 511189
62 72 320691
36 69 637176
73 90 819044
11 50 375371
62 99 658385
55 100 693479
6 15 793093
10 34 512872
10 56 851854
89 95 102129
32 86 953472
7 74 77988
43 46 977458
71 81 352300
5 65 856510
56 89 379958
11 84 202435
35 91 372529
20 96 136996
33 36 725075
31 70 274440
30 92 91542
1 41 632538
18 96 978805
27 31 476168
15 76 601522
1 80 337414
61 91 222353
41 75 565579
12 44 134043
25 35 498897
20 53 134494
69 75 350551
87 98 972138
14 92 973216
54 77 594452
44 73 929843
27 54 236469
31 63 270043
35 90 783978
63 98 984934
31 55 715027
27 34 742889
70 73 940758
47 82 824440
32 70 629275
5 74 828784
46 68 989903
8 30 544303
20 94 753380
4 92 128600
36 60 308685
51 99 343058
38 49 56772
29 66 550792
66 93 310407
32 53 776425
52 79 582484
36 97 736999
79 96 268787
22 46 206202
47 68 183530
7 76 536987
30 52 605512
51 61 183244
26 91 946205
80 94 693517
71 72 335230
5 62 13990
5 30 243716
54 100 143714
48 74 162636
73 76 598415
47 49 257526
39 91 934914
10 66 997544
49 63 759887
27 82 885194
69 98 267923
63 88 905609
28 98 675052
14 74 344727
57 76 679229
77 92 959528
53 76 146158
65 74 234036
83 93 119400
27 40 426169
28 42 890074
30 47 136824
10 22 645560
13 24 668085
69 75 687737
60 100 806522
13 82 422807
25 57 452499
47 82 161169
70 77 840145
61 92 121386
13 72 907209
26 81 173930
34 87 325332
22 33 48602
19 88 340879
31 72 535817
64 76 160730
77 85 24972
43 99 8667
16 80 473207
10 68 988218
8 28 331815
26 66 647141
33 100 784123
49 67 700684
67 94 941140
21 87 213859
77 88 220186
38 39 838437
1 13 825592
15 53 467661
27 50 902493
48 53 123293
24 68 873979
5 99 851417
1 24 699594
49 53 501067
32 90 428868
35 92 833215
2 91 636136
65 88 350150
11 63 28089
14 30 879605
28 84 534783
27 96 646053
12 45 312067
42 75 434291
40 60 196948
25 31 11392
48 55 267911
18 60 141680
1 23 429616
38 96 974636
71 73 477356
50 81 711009
4 45 771034
9 45 291841
4 91 312795
31 74 237760
85 88 772055
37 96 511574
65 100 851769
64 95 988802
6 12 141104
94 98 207939
68 91 701615
55 66 267614
13 96 399531
59 87 625821
19 51 952225
16 99 874188
55 68 596624
13 62 675068
11 78 135673
22 65 724354
52 77 625956
3 50 64568
8 42 259933
2 63 973560
77 89 86640
8 52 127334
79 100 193139
43 54 900069
38 70 415355
24 75 938142
14 63 175395
19 81 940991
2 18 237770
60 62 543928
24 35 757971
34 42 616701
14 84 676966
71 92 345737
49 55 235564
20 76 460375
46 68 594325
19 41 427049
44 95 92435
30 87 145668
38 52 647710
43 74 555952
81 96 112432
46 51 263290
65 65 828936
53 83 755507
27 34 158122
4 26 857648
12 39 942747
1 46 917707
53 56 873895
38 61 929503
43 67 257565
19 50 13325
57 99 481808
6 75 587771
4 94 580118
15 72 100754
21 73 721802
61 66 590525
24 28 784715
16 67 806063
29 100 330813
22 71 701212
80 88 923269
19 92 426365
22 94 705935
21 58 72974
6 89 128970
46 69 971281
35 73 590953
51 91 621387
5 73 439330
15 70 684228
40 81 429360
8 52 426185
16 68 377554
38 73 345003
55 97 172556
45 64 284160
22 37 498275
58 63 911135
15 28 915683
7 56 548774
19 54 778779
24 84 601909
47 84 316318
20 51 530802
63 100 65410
28 45 870406
32 87 871330
8 87 842077
19 76 151773
55 72 931496
46 54 993751
3 57 787035
22 31 830133
40 89 250161
32 70 872868
17 91 871206
77 85 363409
20 51 796346
36 97 524335
48 61 341939
8 67 747958
32 84 159001
28 56 416160
15 24 431929
71 72 957741
28 51 343268
5 52 409374
42 86 314992
45 67 999484
59 88 661748
8 74 228880
26 47 94414
19 46 880618
26 92 404703
49 99 249437
67 81 72715
10 83 932095
41 87 710971
5 10 724587
8 42 886365
13 76 470913
22 83 915489
9 49 850018
1 63 152316
92 93 272631
47 83 838311
4 54 539177
53 70 909022
26 65 108392
60 89 43620
8 83 808743
56 90 846203
18 81 238172
50 87 509678
52 57 576258
28 62 227978
61 100 727321
13 65 151262
61 67 228578
25 93 961729
54 58 514214
10 42 335626
37 98 640814
36 98 844503
60 90 293258
41 64 878857
26 97 559181
8 38 493060
14 60 974733
36 77 957874
30 46 108709
42 60 928959
45 54 843829
5 47 715036
2 40 523423
31 56 318334
37 100 941385
26 62 799582
12 28 112608
38 66 165304
3 47 392081
28 37 178510
68 76 28303
8 38 241573
10 54 722258
66 85 232965
8 99 786133
5 10 914940
15 30 681621
53 82 578585
21 52 867287
50 92 423219
82 88 474849
6 25 357025
71 86 873533
10 77 425537
10 100 779835
84 94 488116
6 10 710830
32 55 142366
78 86 288172
29 64 663913
13 59 12304
18 43 797249
93 99 719546
21 25 333783
69 99 511884
72 72 191648
9 31 58540
18 22 775381
29 63 380807
11 16 863603
18 18 347786
72 76 301370
29 49 286121
2 62 720048
85 87 446938
10 41 356957
10 46 945496
44 59 434703
86 100 75619
25 69 33045
70 82 798973
33 43 793158
11 52 636269
18 34 100985
39 60 479741
28 52 26765
7 34 876605
4 73 277088
28 64 804928
93 96 25370
16 89 270876
57 82 955362
20 77 657453
24 37 277477
8 42 617872
16 66 83860
17 39 432362
5 58 770148
43 63 490913
35 51 737870
23 32 806431
13 60 653519
26 97 498069
43 53 264167
68 71 980595
75 88 132124
33 44 244915
18 64 378294
10 48 598733
55 78 177475
48 50 527362
18 48 407506
4 76 124116
73 90 510778
22 71 889993
4 44 967314
31 71 359150
30 67 281529
50 99 910864
26 61 903630
2 99 564803
15 42 420278
17 54 862109
27 63 319451
40 49 315322
27 49 374505
37 74 204920
8 35 41233
36 81 546553
13 51 807496
79 93 106726
33 49 724679
23 27 879209
44 64 780363
39 81 522736
39 43 965141
59 70 382959
37 43 223145
25 64 268572
2 33 673424
60 91 145587
27 49 559256
61 87 517234
37 65 818832
24 83 919963
29 73 234063
31 53 111031
14 98 630125
23 100 896272
26 36 582598
3 92 32308
25 44 541948
25 51 10423
25 63 517619
22 25 842671
89 98 608085
10 96 474424
90 95 205198
75 78 25136
9 94 315920
9 20 94266
58 61 744206
8 21 708797
36 44 772098
19 61 272035
5 20 620649
64 83 572765
62 92 982979
85 100 62235
81 83 854422
79 83 714071
5 24 599787
81 96 743945
17 45 12558
57 70 637554
30 88 206351
21 23 732372
36 37 967749
73 89 731894
2 6 900360
70 72 900771
46 70 747700
38 82 301801
56 75 389611
22 32 258652
41 87 225426
2 88 481106
58 61 3537
69 97 815847
92 96 984853
69 81 10937
46 79 968783
14 94 546283
6 54 519669
14 30 930276
48 52 231934
16 25 175631
89 91 340328
3 41 837466
42 54 273267
21 66 610873
57 96 69221
29 32 740642
4 61 26823
32 42 479249
7 46 65508
13 40 868612
28 52 502543
71 92 935102
41 47 562524
24 94 119494
30 78 258340
70 78 740839
24 60 419715
17 17 982319
25 38 290203
67 86 710578
1 25 282065
43 63 694791
46 46 178893
16 51 449671
15 61 363132
53 80 384531
43 70 915920
47 60 166925
36 71 316284
55 90 792540
45 97 535354
43 100 417195
66 79 564551
69 91 329897
31 49 880676
68 95 90952
10 26 801237
1 62 101759
37 51 199972
24 57 282634
29 90 867676
25 49 191975
30 76 42832
41 98 356761
26 65 661012
20 24 730855
36 52 143297
38 80 969180
20 98 207348
61 85 723654
62 65 353805
13 82 917497
39 40 973873
22 95 173132
68 92 558346
20 46 81561
18 92 690501
37 49 876095
29 38 499729
30 31 193377
11 89 114405
14 54 65382
19 71 420792
24 62 686072
14 50 563272
5 28 150600
37 54 745622
55 75 966407
1 80 472102
9 33 496301
29 87 454658
13 76 716275
16 95 376181
49 54 377563
84 84 741970
69 77 856037
8 40 621997
40 52 247001
10 82 948063
79 96 243650
30 96 74437
14 22 190510
17 86 898175
53 69 610993
18 83 128115
4 69 799330
47 47 743753
46 54 87963
43 72 794286
10 34 909947
31 88 427092
41 67 405029
2 12 902446
14 43 11904
58 58 337079
82 99 100471
87 90 665066
73 86 886328
27 56 332233
63 75 281784
39 74 959576
13 47 718699
40 75 868128
25 59 630670
16 72 30319
83 100 833247
54 79 485845
54 66 639905
40 61 925799
62 100 310876
18 54 103870
25 89 197464
2 46 284023
7 41 42023
52 52 332466
33 58 166234
73 92 660757
2 41 908873
71 94 674440
19 60 262030
1 1 590521
16 61 925384
11 41 961111
22 88 652442
19 88 427097
45 74 692971
50 50 739958
17 80 647590
73 75 437612
41 96 927290
32 33 829628
32 69 267289
11 52 670251
2 25 201531
21 95 476672
30 46 78618
61 90 640970
75 97 223797
4 92 357337
23 75 937423
18 92 133250
41 97 215599
34 90 857182
59 64 457184
84 93 638858
44 90 806321
17 74 877479
35 56 571636
54 66 907416
53 59 886337
35 47 347017
9 88 884594
34 80 156452
29 87 540582
20 24 822556
4 19 45696
17 97 280676
60 97 411304
3 43 811831
22 28 736583
41 88 563408
44 80 5004
52 66 841137
39 46 960620
29 57 842462
60 69 343003
50 56 704609
49 50 347606
26 88 826310
55 69 999324
84 97 530718
17 70 245230
21 94 176831
1 3 215956
71 80 471232
58 69 945625
6 20 87742
28 82 269772
30 90 909596
59 73 919551
12 76 790973
25 65 766794
45 65 363402
16 53 87495
9 32 117169
39 89 711317
74 84 57313
42 86 524056
55 76 702929
33 43 219637
1 85 184697
49 97 145560
12 84 289173
96 97 662704
52 72 360615
59 92 557935
91 100 899251
85 87 632973
82 92 685187
23 76 215812
75 86 533923
30 84 913427
32 67 632356
4 38 803070
64 80 803164
62 89 157066
22 78 361954
18 58 965571
9 86 376020
23 26 469944
41 47 126354
43 56 587707
20 83 388610
5 62 426596
32 92 904652
37 78 166669
53 89 299998
51 68 659606
37 93 984360
14 90 472096
20 22 390111
58 86 849427
35 60 872955
90 91 959963
44 74 264443
58 63 268580
13 27 693534
4 83 614500
26 48 323497
11 79 672016
33 96 656870
49 61 115747
43 68 429857
55 70 768732
9 15 964907
36 38 98175
28 92 274010
7 30 460433
38 53 258373
24 74 159710
42 75 702538
40 53 781941
8 17 581769
65 96 392616
57 98 149288
60 89 990863
4 27 483856
2 48 480773
66 91 871020
95 97 67943
46 89 672815
26 83 740377
21 22 881165
11 44 231875
31 92 921023
22 67 643726
52 57 711489
9 32 924522
28 71 27797
29 81 125769
71 89 53184
64 73 537315
14 80 851274
64 67 115058
49 66 509440
54 57 884342
43 56 878963
5 44 780144
42 52 489017
16 74 857705
6 23 392105
43 72 23530
4 9 63905
32 95 347267
53 71 851778
10 50 767878
43 86 423344
27 75 674763
52 96 395540
72 100 98797
36 57 705180
41 86 464393
17 65 392568
21 68 325572
23 67 663197
37 44 686083
9 16 881667
13 81 749490
15 51 973801
45 96 199616
36 83 305422
55 79 805536
23 64 335032
90 97 903176
39 57 117615
4 37 502707
49 79 907264
13 38 885345
11 36 742716
19 27 741779
14 20 574649
46 50 950674
39 68 549326
51 92 78119
21 94 310681
44 68 9570
27 31 763643
32 93 394774
13 97 797784
11 41 240089
14 34 177242
7 32 300358
46 81 226924
25 94 289724
13 35 69249
27 61 668319
1 94 999309
52 79 337108
10 47 379913
9 58 209800
27 70 257138
82 96 419752
6 51 230792
34 51 675111
30 59 392401
65 89 177405
21 79 187477
85 97 902501
34 50 266145
62 78 455516
20 95 778310
3 14 131495
84 96 583514
65 82 540748
71 94 524724
55 81 303893
30 73 552946
9 81 79698
85 91 443765
73 96 600470
9 76 944097
8 20 247735
33 92 332576
19 22 774672
18 22 247006
47 71 443457
54 78 729548
33 34 336363
20 86 498207
83 85 997239
54 85 863312
17 24 141454
10 80 905179
24 49 155360
45 64 744515
38 99 310432
7 37 284874
65 71 420932
59 60 830780
3 13 852103
78 79 596515
16 44 532841
54 89 530129
47 82 664428
40 52 116252
4 97 553494
53 94 622171
55 72 600436
19 87 157549
27 59 602195
17 21 774128
88 94 212295
41 91 263244
46 85 735270
28 73 818535
24 72 414539
16 35 326384
25 29 970134
14 16 685783
35 78 456105
2 64 552593
63 76 72874
45 98 637207
58 75 526086
27 38 518438
71 100 143530
9 82 270782
27 44 145226
18 72 66405
9 29 484252
24 75 423971
58 71 863195
17 76 198
31 99 107079
39 50 407453
17 28 432994
24 81 40959
51 94 467826
31 86 248260
14 77 561476
44 86 621128
66 73 622821
92 93 333357
68 89 896233
40 95 913175
9 78 763558
41 90 348976
6 84 149751
9 59 978020
12 25 108284
3 55 119012
36 68 7895
48 53 625189
1 99 238383
6 91 478368
58 97 834478
5 21 512914
3 26 954692
1 38 934843
12 19 118820
6 83 554849
13 19 211076
8 14 253260
22 90 868192
65 86 47562
47 94 35702
27 44 614634
12 18 103176
12 22 596227
60 83 780511
39 96 932397
56 99 940421
1 55 287428
33 39 459400
87 91 859882
28 58 558972
54 89 357699
17 49 553463
51 63 710265
44 53 397781
19 67 624888
8 73 838067
59 81 703537
27 79 777910
3 87 125082
51 60 965764
16 73 13226
31 44 668487
32 33 756894
11 32 334256
18 68 427193
55 98 453360
25 85 458494
62 69 703166
3 48 904182
33 59 332374
73 93 112431
24 79 979189
39 50 478969
59 89 438112
11 48 318312
68 88 698525
3 29 574359
28 32 122039
26 74 789665
18 96 52540
40 58 534824
31 66 609600
1 61 149585
58 88 966233
6 85 520580
41 86 380579
4 83 546478
14 91 503292
11 96 871744
60 87 723334
46 63 822255
44 68 937642
27 92 825908
8 49 766546
70 72 189708
49 97 900396
39 75 565688
3 83 201452
93 96 295932
26 75 149961
39 62 646689
1 42 154044
10 33 796597
14 76 480646
5 65 465608
72 77 587369
8 95 865070
68 89 249900
26 77 782722
25 46 512730
83 91 527519
30 72 560065
54 57 685479
87 100 697781
74 92 285503
21 100 69708
58 73 508943
56 58 739746
40 53 933316
66 68 439317
7 54 829327
19 77 839368
16 30 318502
20 43 981026
52 79 598848
18 52 455885
49 81 533403
12 35 11770
31 53 251255
56 92 617946
54 57 935387
31 53 983716
58 71 454093
31 52 362644
47 77 89948
41 99 633832
79 82 804888
18 94 595555
24 73 499541
25 44 165004
29 63 71918
35 45 327853
6 64 78271
46 51 962327
44 78 889064
53 97 157659
1 83 592654
67 74 538064
54 83 738843
44 88 705490
8 46 933884
53 87 875071
21 92 476064
81 83 260666
38 79 900157
26 34 527210
72 74 248141
16 63 563898
27 64 430795
12 95 600920
32 48 633592
2 79 142264
9 94 299802
5 61 426705
15 40 830010
88 94 461725
36 53 857956
9 55 934042
7 35 80937
20 100 709262
42 47 814045
20 51 512893
20 35 541147
74 97 491570
46 83 670911
38 87 505982
55 84 440169
56 79 502322
23 74 687999
40 71 626213
3 92 663273
68 91 718451
4 4 738708
71 94 703482
21 58 889137
59 74 612381
17 81 354806
53 98 686211
46 84 795034
56 71 852183
20 82 546651
96 99 962312
15 64 369274
21 22 175304
40 52 936315
64 89 700878
51 86 787496
65 73 949270
20 88 258573
79 90 178398
37 75 589563
8 87 311785
44 59 757511
69 70 120830
41 87 614665
1 11 434984
62 66 651680
7 76 388470
6 93 965099
24 75 800826
69 78 61264
12 100 273484
19 98 442871
16 58 604613
49 96 231181
43 44 444294
38 97 524228
11 86 100146
28 49 161487
43 72 857646
31 97 49001
90 96 713638
65 66 183565
73 90 972296
33 42 311421
87 89 245256
15 52 24701
12 99 271517
14 33 984343
7 54 812481
10 100 297943
20 33 410099
37 44 294606
1 35 61046
32 55 471249
2 59 993617
5 99 15865
29 74 630287
20 59 368482
45 54 445247
14 94 967470
35 45 107187
14 41 594498
16 50 759235
23 94 862534
48 89 571017
83 93 254824
14 14 6884
55 89 813847
52 100 536247
58 60 438346
14 61 505513
45 75 353784
32 89 546533
47 59 581472
17 27 924122
8 70 978688
4 89 743546
19 29 280288
29 73 214589
46 61 803911
34 52 935837
6 84 269250
39 88 400409
61 95 232482
28 95 575220
56 56 379708
17 36 667701
17 99 531049
12 36 776231
6 36 223621
5 29 931289
77 78 315507
4 51 609373
36 58 317078
10 77 822027
80 86 621079
8 55 783677
35 66 733987
5 33 998482
62 77 924012
5 26 383149
11 25 609702
37 95 771189
52 74 424585
3 16 195925
70 93 155027
70 89 840380
51 55 13829
39 95 183196
71 89 408612
17 23 349101
15 35 460023
82 94 556585
56 64 129485
27 99 241615
6 38 529527
1 10 422051
34 51 325064
5 26 42602
47 97 51738
27 56 78448
6 63 857290
61 72 140996
64 65 884216
31 42 119672
11 40 48138
48 81 312292
2 8 287656
38 48 246050
29 54 155840
30 78 37457
54 79 988033
32 37 550100
34 67 259618
73 81 804371
70 92 861915
23 65 398903
38 40 909096
35 66 6000
3 37 380747
22 46 623856
86 87 342216
41 82 632175
5 53 434345
11 74 809383
91 92 464122
20 40 367511
28 87 407885
6 97 324995
68 86 675637
49 82 123248
41 47 525452
54 71 872618
2 35 193711
6 89 812864
50 73 104830
50 82 804036
38 86 284255
14 19 840142
52 83 939451
6 54 979576
10 25 123453
7 31 250145
10 95 397400
9 96 548845
70 98 877952
30 49 747905
5 59 89965
19 67 829705
24 67 944158
40 67 168948
8 52 681298
46 46 749237
26 94 456206
7 98 67201
89 96 705820
57 66 496790
15 53 921544
18 46 910000
32 80 862820
10 90 489683
52 59 870723
19 53 445959
13 27 925503
96 100 97813
35 96 745973
35 77 313805
7 10 161094
58 59 149633
59 70 553558
20 52 757321
7 44 216718
32 35 255359
26 100 663708
46 53 278019
49 74 99632
70 72 795382
7 50 468222
21 62 661312
35 57 903361
45 84 750157
21 85 653108
38 62 752202
48 90 540570
4 67 595626
42 88 408437
58 81 256165
73 81 473232
24 56 90997
13 88 208759
10 80 503770
11 20 819964
11 47 299477
40 100 697906
6 66 781935
73 75 852531
31 53 227633
36 39 42140
36 82 706027
6 30 887118
5 48 485103
16 99 772205
13 43 493781
25 43 505314
61 84 382967
27 80 169371
16 33 100085
63 88 979272
29 78 11888
37 51 979230
12 51 162897
28 82 394326
29 79 916353
51 93 258028
38 78 793328
45 81 261282
9 62 385169
8 94 623101
81 100 631386
42 90 942341
2 88 774342
39 59 16391
18 60 741140
22 25 347093
66 73 598024
54 82 410754
6 41 442087
29 54 561256
39 68 217598
22 95 95268
8 18 25754
24 89 335575
6 28 63950
11 61 97957
3 80 362930
17 67 453560
32 100 844001
14 39 240956
52 94 68152
5 48 161506
36 52 905308
12 25 59358
54 92 152242
18 32 504811
10 30 790887
41 94 504133
3 38 432552
31 82 525804
90 100 259304
10 33 942630
1 15 962911
44 100 553787
45 90 372936
67 78 525560
1 35 554528
6 88 328751
8 58 90988
48 70 579635
47 72 946289
27 29 854494
13 52 652028
14 35 571470
86 99 809434
23 50 794145
72 81 165598
39 83 108159
91 96 891616
26 36 203086
42 52 263611
4 66 166077
21 32 622924
13 35 134780
16 24 987384
24 96 400576
85 94 721701
17 47 101826
24 74 307517
10 70 244735
16 61 531248
78 79 781751
2 39 851313
53 97 871856
15 71 86070
7 23 327474
3 95 142778
49 99 635978
10 49 907837
35 100 543114
38 80 105664
38 92 933573
84 100 978380
40 59 11670
19 81 739179
13 67 627224
20 21 505771
22 80 105133
5 42 737631
43 47 404601
10 88 755359
13 31 863782
33 76 605638
67 78 53472
43 98 10994
15 75 395736
17 41 101829
33 88 746883
34 88 522280
7 96 35802
48 66 686980
40 83 361753
11 42 551882
26 45 114499
4 92 907946
5 82 714714
41 80 634269
20 56 148010
48 90 715998
12 43 247293
45 56 169323
82 91 365222
12 65 743878
44 96 784696
9 87 565112
37 79 689230
6 99 723018
51 80 905347
39 72 537741
39 70 120377
3 11 292945
20 37 474388
13 37 22000
4 54 503486
16 99 141378
29 65 416227
22 82 622504
62 96 803060
23 50 398212
55 73 806630
12 95 267900
44 45 561650
10 34 119997
57 87 424213
23 89 290420
48 63 940175
70 74 111573
44 63 224806
9 94 451094
25 65 921891
34 51 138291
2 58 259153
4 40 245481
62 65 493955
63 67 194941
42 74 483596
19 79 453109
41 94 804615
6 38 762843
23 63 667599
75 99 798208
10 80 303750
6 34 940404
4 50 725521
43 85 421713
40 74 47767
28 90 495855
24 72 920327
31 38 689135
10 50 369874
5 87 710771
1 27 591595
3 75 728482
78 99 473868
67 85 562214
60 95 818098
32 86 347247
12 77 730781
46 81 273008
35 89 906963
61 81 903520
3 67 775644
10 31 881784
13 19 919622
37 85 658937
74 95 990113
75 82 980133
8 21 446209
12 26 390403
48 49 22593
28 85 580637
87 90 887420
5 24 927236
35 63 15316
1 74 23560
31 48 478254
38 79 613699
55 96 903090
9 26 512781
11 21 488781
8 68 997127
17 87 729456
12 91 787411
18 69 509520
2 48 303640
17 38 689766
9 22 18497
32 48 254639
19 74 34620
81 97 677036
38 77 364477
52 75 692321
19 65 690234
39 78 245463
39 97 216431
22 72 819676
39 67 678234
7 50 478912
3 23 732670
66 87 250008
3 57 855970
15 36 201852
38 90 592592
59 81 528587
43 46 503449
4 42 541412
13 83 571918
40 56 816876
20 79 182214
71 100 325709
88 100 348701
16 31 553907
18 34 447536
16 85 669392
72 85 67492
26 66 104983
3 91 378015
6 9 228034
27 71 42828
41 58 102094
82 85 259097
4 65 491452
62 67 793786
65 68 376656
9 46 903718
51 54 78099
68 76 156503
58 59 908115
73 90 107467
22 75 884576
29 60 932871
92 95 431119
48 96 701649
72 81 315768
12 97 310260
64 76 150778
17 38 885631
47 99 515252
3 17 145028
62 77 116364
39 65 647066
7 85 987242
43 90 65757
14 30 209531
42 65 445483
5 67 701424
11 14 499879
4 91 157439
2 33 504312
31 58 764127
7 17 162056
13 71 914446
8 17 606152
43 90 58700
44 78 217449
33 67 762720
13 88 250914
92 96 656784
15 100 75951
22 37 222571
21 66 644046
33 36 953729
38 84 447682
13 29 333223
82 92 310610
77 98 458101
7 65 271433
39 79 98890
55 97 126326
59 89 191749
29 72 699819
4 66 575564
55 63 603199
3 57 788615
56 77 668878
70 77 903011
26 89 280054
75 83 717010
5 5 838042
17 55 775559
23 30 274913
44 69 671932
52 73 986166
53 54 178862
57 65 419399
3 56 949086
62 73 29641
18 72 452368
11 17 309104
34 70 639438
19 73 391993
4 74 669604
91 98 131618
14 50 931683
57 99 589294
28 93 694880
21 73 268516
45 64 971060
23 58 456271
18 24 795899
36 86 255102
11 39 720535
63 80 15875
53 68 21741
36 67 715445
1 96 129637
9 65 500336
36 87 833261
26 92 857746
24 58 544820
62 97 634686
59 84 577585
3 24 227291
7 76 901595
33 77 173076
15 26 618736
15 71 815768
55 76 373937
38 42 579545
31 90 819298
3 15 606415
9 34 394253
15 27 42676
1 68 714430
29 55 19079
66 75 324678
21 52 143947
71 89 907450
39 57 249479
64 95 190131
63 73 353350
58 63 537613
8 58 622423
33 95 767723
72 77 716876
8 93 427056
30 71 722300
68 69 877061
88 98 823235
5 97 778391
32 70 982463
10 74 397336
9 71 113236
44 44 542459
64 66 664295
24 71 173819
6 36 155172
17 19 398803
30 37 985849
14 67 429573
19 79 687579
59 63 152533
12 78 598526
50 93 594189
53 74 728159
18 62 740345
40 58 365948
26 62 305642
38 54 648025
40 83 684917
38 69 554875
36 88 618867
36 49 643694
16 24 787905
29 51 999553
11 88 385983
34 90 501638
50 94 916563
64 89 983700
74 97 68581
72 91 593223
23 47 138019
10 40 335486
7 49 690684
63 97 502618
12 66 926375
57 65 679427
92 97 743515
65 88 65764
24 81 556695
6 13 377196
48 98 246553
49 78 518477
77 96 511593
37 49 967935
18 51 421646
47 53 80444
4 77 114261
72 98 338371
5 27 266063
4 36 122711
17 29 411857
57 81 368512
9 58 376820
24 76 453767
56 63 525717
42 87 769723
43 81 321940
40 57 254833
41 55 825687
27 77 583806
91 98 143558
60 63 356157
47 50 675279
31 36 49997
33 80 34850
36 38 244881
13 94 958323
49 64 131568
47 94 140093
85 88 893398
25 88 354171
13 62 374447
82 82 291503
17 24 682225
95 96 868574
84 86 735760
29 30 219024
67 70 984074
6 79 946194
5 26 812635
78 93 710709
11 84 314695
4 56 575438
48 50 613334
12 52 104182
32 73 884113
32 90 676682
3 91 66311
16 83 764971
12 29 455373
6 16 634748
6 86 479672
29 34 461929
31 73 171555
72 77 360860
33 52 574893
63 74 893768
65 92 374842
24 53 539233
44 91 65135
6 54 431328
72 78 754808
33 97 70593
78 80 609540
57 83 173062
60 82 529413
78 89 649012
32 59 986291
29 92 475986
36 88 789640
71 96 200048
20 87 10884
17 51 733340
47 81 582696
29 75 849900
16 76 19580
7 92 886329
40 41 608972
43 70 99488
25 41 926884
10 75 575106
38 92 261146
38 57 259779
12 39 723971
1 18 293708
20 96 182266
18 30 403147
27 35 173214
92 99 158896
14 22 810067
5 53 970544
20 21 961662
78 94 90563
49 66 824459
18 59 316072
63 77 636457
61 77 653022
17 95 799755
66 90 920746
17 50 168231
24 73 196246
65 91 824376
13 41 283695
58 86 944893
5 37 821060
29 99 318202
20 54 708651
25 70 818868
28 44 469949
3 23 794359
17 20 443799
25 48 121362
4 80 604122
80 93 879192
59 63 19882
7 56 853023
6 54 441521
2 71 868546
36 69 636250
6 18 557473
55 68 287256
3 40 698781
51 82 991967
46 60 607519
35 43 404136
17 92 993680
12 62 416495
32 59 330336
56 66 890487
2 42 544705
68 75 91522
7 13 778347
43 49 62107
87 96 69913
45 59 314062
50 50 450056
3 17 560685
23 45 381181
77 81 597899
82 91 796157
18 50 190595
17 59 381012
8 51 408496
33 84 146449
16 73 419827
83 88 878599
9 56 870770
19 98 226828
20 96 443030
9 64 475771
17 47 540427
55 70 620532
22 47 935426
74 75 13144
10 44 42928
40 77 119632
77 81 860558
22 91 509189
50 75 610392
20 31 543015
40 84 630928
5 57 351017
50 71 536571
6 38 683457
37 43 545697
23 52 577514
2 41 611471
43 95 322212
25 57 528087
5 42 163184
44 52 79820
38 59 755479
48 80 704713
24 69 637410
49 82 206057
65 94 87585
12 57 68046
63 83 496423
83 97 656028
26 56 914506
22 43 44924
37 45 187685
42 62 717660
15 68 3864
41 68 616428
30 91 436869
71 82 692385
12 82 849810
12 20 892212
24 87 384044
35 55 63778
1 50 697408
10 83 637227
13 69 955777
19 33 753813
38 67 533288
67 68 530344
34 56 465517
34 39 396721
24 61 331281
50 80 155778
62 78 192341
44 75 860142
35 53 580162
8 48 969360
15 54 755617
2 43 439747
17 79 884034
39 70 891049
36 56 286776
54 75 500838
62 90 72601
43 58 605796
48 82 208577
19 55 921295
75 86 131725
50 72 996312
68 86 440738
59 99 83188
37 100 28390
56 92 558748
22 81 468803
12 74 595724
68 100 89321
4 71 365255
22 35 89355
32 73 141584
34 71 405151
3 20 198512
17 85 826273
21 100 715636
31 36 126990
25 25 432174
11 95 611371
18 76 943666
27 88 919806
4 100 183384
8 94 5457
49 76 958654
82 92 984756
1 4 467461
41 94 471674
16 19 595729
80 93 384825
43 79 211212
27 33 237453
10 25 939106
61 78 926996
24 41 547204
11 60 521456
57 64 653351
19 95 974346
13 37 616260
26 35 598796
62 85 243864
32 60 464164
11 17 868900
29 56 644486
30 82 607787
53 81 29224
4 14 110969
81 96 512837
12 90 556760
48 87 487389
10 44 257051
18 41 915698
17 60 649558
30 67 368139
73 74 67489
3 86 947890
41 83 754010
10 56 128055
1 57 832290
79 97 71085
53 90 832286
5 74 774122
5 13 889270
28 64 682058
30 48 887895
19 33 88619
12 55 652338
62 98 264432
4 6 900860
17 63 490431
11 31 20462
74 99 729861
17 17 615621
68 81 94447
35 39 885377
3 65 535985
18 100 221480
4 42 241025
28 58 731715
34 40 205083
52 82 487773
39 54 579837
44 57 206217
78 100 545962
28 92 667035
24 45 622632
20 64 401195
71 99 39876
70 97 997336
85 95 503371
32 58 733505
33 43 945041
12 38 52811
78 78 470829
28 52 629728
65 84 700344
35 36 635948
34 64 208851
2 49 785184
34 74 496928
8 85 579250
21 85 290502
66 70 363737
8 23 738351
2 65 991699
38 81 79372
16 26 863456
35 89 551374
56 74 350918
20 51 496236
5 55 573710
28 88 706978
18 82 716995
4 13 666093
48 90 915704
55 68 587602
36 99 897153
22 41 985943
51 92 656502
15 93 373831
39 51 129398
4 92 495280
27 92 29792
98 99 800550
28 78 956121
78 100 640960
39 59 201291
29 84 506071
25 64 291939
35 84 277452
39 58 997072
15 47 618689
64 77 895496
2 59 57053
81 90 885764
32 63 879115
52 58 633857
84 97 425145
18 94 138688
31 63 146459
59 100 185413
25 70 396712
4 34 197913
63 70 7065
28 91 980298
59 72 451887
61 64 1064
57 84 713516
32 57 68872
6 36 464279
16 28 532291
77 81 99323
9 97 510069
47 63 646950
94 100 459648
64 100 3244
24 24 474697
43 95 151396
28 64 925496
39 83 612455
36 78 997370
27 83 669590
3 86 745024
20 41 624979
54 66 700224
15 82 625541
30 47 291057
47 79 1367
79 88 772369
57 79 433080
19 94 125729
37 57 785050
69 81 785765
30 93 575732
9 55 656998
32 75 391554
28 37 969650
19 39 474818
72 89 717145
43 75 856183
33 44 719792
28 97 721064
41 74 290320
44 73 963104
67 73 489941
67 67 464557
6 14 503393
19 31 598819
26 30 467161
43 94 289881
30 94 844325
26 48 184105
12 41 31730
27 55 646898
26 80 509362
47 53 796631
29 32 749464
26 54 709823
32 85 327519
18 83 361301
15 59 992706
46 96 45191
33 58 265282
1 88 375049
36 99 842726
10 45 505426
33 39 697588
20 36 914524
21 24 818299
4 8 819046
44 80 399435
11 75 165235
76 91 838393
40 73 665482
44 44 346526
76 82 792438
26 27 453654
49 100 65029
54 68 254596
7 50 431051
38 53 986314
29 52 802911
1 57 401044
21 74 275099
41 60 261836
65 73 238942
19 79 987492
17 87 813323
41 43 795538
44 50 128969
27 36 80653
1 34 858563
7 16 339347
45 100 424872
59 84 909093
68 73 801130
27 72 117959
23 25 198720
14 68 977603
10 24 457958
61 97 182821
30 61 240666
27 46 947582
31 47 81376
55 83 533411
47 60 729981
52 95 569261
28 85 75709
7 55 646521
7 22 759214
36 88 902631
72 86 794340
9 67 408541
34 90 153206
65 72 637443
47 88 244094
9 26 490438
43 67 990171
31 85 717208
78 99 44720
67 94 666988
34 62 460260
40 95 287549
12 88 401058
2 48 881350
59 62 716249
28 93 149577
49 66 211515
93 99 496074
26 30 570560
12 55 525139
21 46 866786
42 84 125424
8 41 274784
11 52 906098
20 45 366269
65 72 979118
37 70 587521
69 96 18045
12 83 188085
49 74 387644
33 82 905832
93 95 202315
4 42 950510
89 100 406736
51 69 669278
17 73 156787
53 99 886994
15 45 658146
38 59 438121
32 32 792012
25 40 509383
24 92 197992
49 60 853393
44 81 703150
56 58 992307
82 86 196058
86 87 204316
25 80 766126
23 89 63358
16 36 158254
24 29 691153
66 84 644196
73 89 167759
43 64 409116
33 96 491703
8 37 901351
40 74 307596
37 71 760858
59 85 976469
45 70 327502
16 89 53789
53 71 375776
81 87 599923
46 94 416688
10 21 913834
43 55 937956
21 77 121047
23 95 931045
60 80 740055
26 81 672862
23 94 247625
8 86 432706
15 39 374670
2 39 628293
58 95 675278
50 67 9823
25 44 750516
54 97 933007
11 99 467631
35 52 778771
42 92 473521
27 90 359283
30 83 363250
10 36 160694
34 100 658092
8 91 665961
52 66 733791
51 52 800349
11 57 142476
31 80 495655
46 46 482427
60 93 436896
33 81 16503
30 43 469733
66 92 53967
5 87 485143
49 56 493974
22 47 328090
38 57 570721
10 65 931095
36 89 589582
18 62 175996
31 97 101113
8 45 685112
56 83 56710
11 41 453250
23 70 519517
37 54 857298
13 54 922407
39 89 572644
21 29 976980
86 90 539130
45 69 711830
26 27 604057
31 91 937381
67 98 926537
17 80 170619
1 72 772247
30 40 643863
18 86 284180
65 92 424957
15 47 785301
83 88 649842
31 88 625780
47 70 63362
23 72 343691
14 80 208636
53 88 598270
66 77 106931
22 79 575216
52 89 505468
30 85 26442
33 56 165877
44 90 82362
19 65 92218
88 99 85616
37 96 154608
37 68 896289
1 7 261244
33 34 362373
29 95 189002
37 82 289115
28 63 931209
28 98 891106
6 14 647980
8 74 299104
26 40 959336
66 71 543517
43 98 25659
71 73 216550
31 69 370273
51 88 350796
10 90 30111
12 88 29476
15 64 290874
31 41 744520
3 40 159614
21 58 446483
9 78 383034
51 93 275942
31 67 112705
58 97 294887
7 23 574953
30 34 123583
7 19 200397
27 84 317530
43 60 627468
70 77 897128
57 91 965578
10 57 355744
37 64 454444
19 46 385274
49 89 385887
28 80 715699
3 94 536016
19 27 482827
61 92 349682
14 99 378247
9 30 151293
7 36 353969
37 47 672043
15 78 35094
16 67 103612
31 72 834309
20 61 526961
55 69 425685
10 50 843475
9 66 483869
79 87 624235
66 95 63163
42 82 121609
2 15 305872
42 86 870080
24 72 509632
5 79 994406
15 44 49908
15 76 188694
59 74 529818
85 99 785520
35 85 688802
12 86 766421
28 76 63233
39 93 610926
5 92 421168
60 65 728164
67 76 90923
64 99 200551
15 22 328885
8 39 135914
25 41 925520
1 94 613667
38 67 540359
40 44 281421
7 79 668583
20 33 654760
16 94 892671
3 16 815285
6 43 220646
25 67 927357
71 81 623219
32 78 743689
47 47 458116
83 95 631401
84 93 22138
50 61 351088
3 7 675193
12 41 178484
54 71 454955
51 81 780368
19 99 337467
6 33 360868
14 58 796060
62 63 87825
19 88 384322
3 50 307840
16 19 516006
17 67 928474
25 83 225669
28 42 32271
5 88 302815
9 51 172882
41 69 171258
3 69 190169
54 61 341150
22 37 876384
59 92 774873
35 62 786852
5 22 861306
9 76 891690
67 75 669144
17 53 907960
8 95 28106
26 67 95064
3 40 93742
61 85 432346
9 37 858533
25 39 892561
36 43 770451
34 69 648595
19 82 279394
4 11 746619
31 49 526782
28 36 695721
10 20 206168
28 100 222975
27 41 858021
56 92 122531
4 19 352094
74 94 952002
3 44 463488
14 21 198473
25 34 814027
4 30 335596
9 43 748805
22 22 111073
14 69 300854
17 51 226787
44 46 841132
49 65 866738
70 88 889846
13 71 236432
48 95 679083
42 68 831171
55 57 91490
21 65 513944
13 15 976377
41 48 335324
28 57 600017
19 73 416099
73 75 204687
86 89 215491
11 12 179866
62 87 212568
25 40 425057
79 91 174783
27 58 956565
2 18 137117
20 55 745961
3 41 768856
24 78 102487
1 20 109658
14 62 235675
62 93 613971
38 54 599544
21 74 773750
30 81 203889
44 85 228217
31 66 93711
57 69 39704
18 50 590688
17 53 374673
31 87 425843
1 35 918567
58 81 786783
9 39 629408
54 65 665019
30 48 44745
26 39 214694
52 53 248175
19 32 623039
16 57 230
32 73 344811
13 53 489220
57 100 831828
9 99 900325
16 88 400422
32 71 373990
7 20 721618
61 84 277740
50 78 584461
20 36 565853
40 98 69840
52 86 34724
27 57 926680
26 61 663343
48 98 794022
64 73 355570
40 76 750462
46 54 166627
81 89 119401
21 86 785854
58 82 117300
42 90 646144
66 75 378481
29 66 152110
31 50 803060
12 20 959246
75 89 316565
12 35 845419
3 11 142835
54 81 127955
16 97 455725
32 100 568026
72 92 203816
48 71 932374
75 76 189774
33 81 122083
44 57 448331
48 93 380191
8 87 924241
72 77 649773
26 49 483603
37 40 543091
25 71 420107
4 32 192350
13 60 757366
72 75 11355
7 55 594964
40 100 28574
11 60 602411
38 67 995486
12 73 414212
29 100 60244
14 92 633450
47 76 355393
73 93 396144
34 98 344807
18 79 515626
28 66 583757
15 25 695793
1 53 412542
11 17 364001
71 96 66952
21 90 611036
5 49 109119
55 84 479175
81 93 220537
20 75 743370
55 90 840402
15 21 678802
2 72 930408
79 98 562448
54 56 813982
81 83 415481
8 87 292763
67 97 860487
9 19 569801
18 18 992117
10 14 356825
13 43 660228
42 81 111804
49 84 707194
7 62 130793
84 85 321824
19 47 470236
14 15 878977
34 51 586579
45 79 233648
23 27 187345
83 99 403329
97 97 467997
33 55 558861
70 88 307074
1 23 695856
60 94 231310
9 73 811148
6 51 385301
76 90 159430
6 76 107245
11 61 641030
27 60 262258
58 69 539321
49 59 884738
28 97 470289
41 62 742528
50 73 707329
26 50 472787
82 88 177219
62 92 663654
17 20 198612
30 81 50279
8 96 841653
7 48 118346
19 53 449450
13 37 238662
26 42 241853
23 81 828053
34 89 640185
5 87 998902
47 63 968241
18 61 763884
33 78 133689
36 75 324734
17 55 723498
45 85 879478
59 75 998432
65 72 851237
32 75 980286
36 38 118620
33 74 216678
4 29 80947
39 77 816579
27 55 956803
69 89 348930
18 72 45869
10 85 184146
20 61 222995
59 68 40298
37 39 959580
24 90 761729
23 91 631795
85 99 414485
91 98 581511
42 76 570407
42 100 607754
38 67 59515
4 82 894963
4 60 727066
9 80 646782
33 42 91282
24 94 377257
9 87 499635
78 92 612023
63 69 734674
29 54 563056
27 81 17032
54 57 394204
75 79 558130
22 57 987597
21 58 509936
56 58 814036
13 88 180328
32 49 356873
13 28 619138
35 41 81926
42 61 491
21 23 466474
10 44 822229
8 72 379224
19 63 81715
52 60 345463
19 93 367615
57 75 987314
3 70 820919
47 56 115191
45 50 818521
34 52 424955
78 86 993069
32 51 56754
3 43 790457
10 90 66521
9 63 679820
26 96 630958
21 92 702966
44 51 639604
15 66 339724
3 95 267122
34 49 330919
54 92 846451
63 89 774564
44 96 750470
29 39 275171
40 87 604733
4 41 321610
24 27 83376
35 69 466113
84 95 132857
8 34 214774
5 48 868663
8 84 82072
61 93 588877
23 24 883038
18 33 457762
17 19 630783
4 81 299233
20 52 899449
6 11 559289
5 76 809421
51 62 436956
28 59 916095
1 30 768578
47 72 9305
41 59 859813
34 37 830055
90 90 6660
80 95 704570
56 82 786018
11 27 122983
8 66 377606
79 85 452743
55 56 22715
28 89 822007
87 99 877008
17 38 183895
25 61 270231
35 69 312141
22 42 733864
26 52 71426
27 82 301661
7 39 553889
16 71 620629
23 65 251229
47 58 628787
14 40 506345
3 13 204255
11 30 578048
87 95 120258
3 78 104477
15 25 644043
46 59 643650
93 96 599343
22 28 961971
53 75 946402
1 93 798330
2 29 892321
33 73 239523
34 82 580203
14 94 307135
11 76 386625
29 73 911715
34 82 35947
63 92 377896
75 80 887988
19 83 277739
3 59 9963
23 61 321549
80 100 16162
41 59 827442
12 74 884273
54 88 221315
65 71 220210
22 87 804205
52 80 525124
31 38 204834
7 57 649931
66 73 100118
65 70 428652
17 92 843969
88 94 639699
53 91 322018
8 93 415279
4 35 189432
55 56 699826
86 97 63112
6 98 522772
15 83 703452
13 30 525391
41 64 139712
63 75 945250
12 59 659141
23 55 446353
45 91 734144
17 82 964257
39 69 482763
14 21 406366
19 64 258624
13 32 121495
34 42 870595
4 7 370654
10 29 912119
48 91 266187
23 77 953477
61 82 918072
24 74 679707
13 77 70597
66 67 995625
21 59 261075
25 45 162275
45 51 497802
68 99 626052
39 46 169813
40 65 812359
27 62 601955
96 100 675694
3 8 750119
69 69 844606
2 11 412375
30 74 132415
6 40 100014
52 94 751486
93 100 356715
72 99 847244
23 95 654481
15 21 691967
48 81 626344
17 74 158894
71 79 549817
11 45 963511
35 90 433684
57 59 309946
1 68 443787
13 25 361949
12 65 375030
54 56 658057
79 87 520239
71 97 491113
83 88 768726
9 58 733616
68 93 458828
2 85 99346
18 53 61434
4 75 105544
69 88 552841
55 98 113102
77 88 588649
8 10 728870
32 86 730444
46 86 891925
74 75 863146
47 62 580643
20 55 275325
45 77 903389
11 92 714309
27 36 77204
44 77 96515
47 99 982814
15 55 262144
69 75 39506
29 42 879301
16 17 363150
10 37 377570
34 70 718258
25 87 764905
79 98 364901
53 56 731954
9 79 615757
69 83 967384
4 44 929113
44 87 867512
50 80 672249
6 27 812279
46 84 190818
33 67 11066
41 68 901836
20 86 632493
38 56 696502
13 20 628927
38 45 756831
66 76 89699
59 92 838349
1 78 821391
28 44 940872
23 66 79486
20 28 671453
56 75 337008
61 62 224093
50 76 374246
13 81 780830
45 67 189289
76 79 685495
64 67 77186
20 87 182278
22 93 951233
30 96 768428
86 99 474232
10 28 983181
40 52 172415
73 75 522834
83 92 368177
40 91 965865
95 96 151979
4 20 776834
13 69 10770
60 79 125970
1 98 70027
30 31 244050
33 46 566659
11 98 156095
57 97 59559
86 99 659289
55 81 711146
31 53 285733
3 58 446212
22 54 999406
76 86 178608
4 11 746174
11 85 99947
34 71 559143
23 81 282170
7 100 832767
15 60 412706
47 89 907805
8 24 607408
59 100 309791
41 44 521521
2 58 457126
6 15 851192
50 89 955222
27 41 643998
17 72 554841
36 77 905147
65 95 589787
46 88 555887
23 25 453901
5 66 552222
26 95 927332
14 98 47918
50 93 620505
14 51 488521
11 31 294568
90 95 165535
70 87 488851
1 20 325027
84 100 221215
3 12 282123
34 65 478420
90 98 715410
2 87 67008
79 93 8056
68 79 126898
17 76 211839
85 91 296449
49 80 412653
1 38 316356
9 42 369615
3 98 728601
18 31 802354
40 70 216737
34 39 908906
66 82 914433
7 12 973901
76 97 230368
39 73 486070
48 95 386285
16 58 461189
31 63 532056
3 86 940251
47 67 153238
4 90 651745
65 82 633120
19 61 370305
37 40 834035
54 85 420265
13 50 137103
81 82 653516
36 37 134586
6 24 784867
13 14 665468
57 88 248166
20 44 631843
27 66 380310
15 74 391166
2 30 329268
2 43 853028
65 100 919433
26 94 278188
30 77 932895
21 32 231797
21 94 854596
35 82 728478
24 48 820172
31 92 406540
29 82 311885
48 58 765929
27 83 461602
33 98 261985
9 80 244267
38 40 603621
1 3 171466
24 45 737386
36 76 789349
14 27 849641
5 66 563753
4 54 392671
24 41 521283
44 87 117004
39 88 426855
71 94 820406
2 66 459211
35 42 661093
46 73 792619
52 75 742055
3 62 188804
18 84 881483
64 97 848347
45 61 273704
8 71 381814
12 23 209238
21 73 382752
64 67 210929
14 66 191335
58 96 771739
67 67 339935
97 98 377720
74 88 695454
7 42 293490
35 38 497663
74 84 634293
49 80 732450
14 49 350962
44 78 145577
42 60 513950
48 59 319547
13 28 187379
38 53 129794
40 93 62891
82 88 111343
57 100 504586
19 74 77426
10 12 701523
2 45 237701
21 93 98639
50 66 745696
6 28 677132
27 56 381124
18 43 94489
52 60 185139
12 31 829773
79 96 972788
18 54 267456
11 33 819601
9 27 316942
71 87 607003
38 47 641049
71 86 175139
31 66 809670
11 91 659648
10 17 350780
66 89 801294
18 48 796267
54 86 664170
7 16 294081
4 38 704889
5 84 464500
13 22 488929
28 35 755197
72 93 112909
69 81 574937
2 52 700843
68 82 184329
18 56 351983
26 51 187153
12 73 704399
41 52 556602
35 80 807559
13 34 506130
5 9 866389
44 70 525480
8 73 425084
43 68 330771
74 79 318723
29 74 844331
2 73 475188
3 10 61644
53 93 614688
38 49 655384
14 36 885464
31 55 666164
53 55 412851
33 70 973960
7 67 876109
57 96 843009
13 60 542980
88 97 115408
22 90 880123
57 73 495595
7 55 802328
32 51 541449
46 51 517960
11 94 515560
3 48 142969
4 52 863432
19 93 689821
71 87 474863
26 30 921515
32 85 908774
20 47 521503
27 96 773497
32 68 922743
22 54 542648
3 45 104502
66 75 919482
21 76 342627
14 90 306711
20 80 699912
25 45 272235
12 96 984374
3 83 311513
28 54 444222
20 92 404291
29 80 498167
27 30 393428
45 67 65725
34 75 116728
24 88 801326
17 20 37089
12 44 383917
78 91 709058
9 43 255073
1 24 115221
6 89 583413
19 80 137047
58 80 812887
1 3 810313
12 25 6907
69 77 294831
30 60 400856
41 82 709203
43 79 643623
2 51 378945
20 36 344681
52 97 231561
7 49 373088
29 44 342594
9 90 460435
8 19 22852
7 36 38349
16 43 623020
84 97 164765
23 68 847898
14 29 992917
50 59 309044
3 4 170508
43 60 444578
4 43 197406
7 69 420241
20 52 88873
24 95 322034
19 82 471120
44 54 214971
3 92 442298
23 78 109859
3 64 434386
15 35 534248
75 96 610183
7 99 144651
3 12 655243
69 75 683408
27 86 614421
59 73 324737
14 88 394657
49 71 198889
64 65 765485
70 94 248731
77 90 615420
23 99 998443
9 69 637525
42 62 981234
18 54 100419
57 83 383885
41 94 611605
40 91 445596
5 37 398493
80 94 983557
77 95 225650
10 39 204656
44 57 57392
33 64 734986
46 97 548469
42 64 562693
31 38 815972
26 83 500436
16 35 794917
30 46 240562
29 53 995104
47 52 622042
21 65 716039
34 68 578958
87 96 283083
42 81 250642
8 19 382628
12 71 99120
11 38 723468
9 37 937779
38 95 586114
3 65 639982
42 42 713545
39 100 529845
39 85 739368
9 58 371169
20 55 52330
43 67 673039
48 74 499230
61 74 844447
22 22 996374
20 43 326199
23 99 553769
39 78 468223
70 75 933427
6 74 104293
37 43 279251
70 77 209112
27 88 156906
78 83 966479
76 90 898464
22 62 211649
30 47 745824
50 64 913389
16 64 934425
35 98 343569
33 48 283197
70 98 340149
38 48 329283
44 79 221599
33 56 320743
79 83 795614
85 98 576552
34 98 7042
51 67 640775
45 79 473057
19 78 191564
6 86 197458
1 43 58754
21 89 566450
28 85 807800
47 68 403172
12 19 855616
69 89 446986
30 73 975346
63 83 884944
95 100 368616
41 60 929120
32 90 715009
17 38 77869
95 100 804832
44 56 736874
34 78 192300
63 87 53906
7 60 505680
65 86 735520
16 35 874043
34 68 630358
19 34 716575
44 100 753337
10 82 661364
46 76 835024
31 77 737780
10 21 590250
52 86 417886
29 47 554455
61 90 22262
52 85 236077
5 90 288641
59 100 762947
23 56 746123
17 96 739702
9 24 396067
41 52 908073
38 79 739291
95 99 898623
75 78 235595
37 69 532001
43 83 724301
26 88 938365
18 57 592896
4 57 5634
3 98 279687
3 10 761767
40 82 972234
37 89 608356
16 44 496754
5 29 68853
12 16 475567
22 26 127388
9 79 538803
51 86 754589
22 33 706166
2 64 854082
6 51 488946
39 60 987735
23 77 736550
13 30 562925
58 80 152469
11 23 387866
58 92 356487
34 42 460277
8 49 828293
70 71 43356
17 62 68127
84 99 404911
67 81 956967
7 13 847188
55 66 227381
75 84 83764
68 99 536803
5 34 477050
56 58 55760
62 95 342937
26 82 957856
57 83 67973
48 87 153016
16 52 486390
34 92 521668
33 82 240555
13 14 767155
51 93 799843
75 93 343671
27 93 944355
44 56 355208
21 47 961269
28 59 528672
52 72 501157
17 54 45631
19 81 680773
45 71 875110
51 62 481128
4 52 506526
25 50 607272
20 23 229552
35 96 102434
84 96 271340
43 46 977910
8 77 595428
4 45 756554
31 41 712432
55 59 407047
19 80 809706
47 79 476249
21 58 526450
4 27 852848
19 71 28713
29 100 137027
6 85 441591
36 56 224266
16 65 53896
28 98 198081
67 97 786312
21 29 345258
41 66 836781
61 100 972362
85 98 855020
34 51 242025
7 57 677312
6 10 883988
37 44 759785
5 53 952477
44 74 33768
37 95 109527
7 21 773637
26 46 506588
22 82 703436
2 53 155401
55 99 453322
59 77 656447
11 94 199122
66 97 631586
32 80 114940
36 36 821019
10 46 846946
69 74 399960
41 60 638308
20 31 943241
37 37 199267
34 54 666531
9 38 793672
21 32 608287
60 100 846972
27 76 954617
67 77 770287
42 88 849075
39 100 184211
75 94 286098
31 42 153312
21 95 579614
43 63 801809
42 56 529060
40 53 739107
42 65 311862
3 52 745371
71 72 777959
15 63 881342
11 40 664465
14 37 731545
13 44 473553
27 99 418105
5 40 299272
1 21 5297
55 60 646490
3 4 463129
66 82 855025
7 77 459467
15 26 172344
89 97 50535
55 69 150370
85 87 900559
53 64 879779
33 73 375401
54 71 529972
65 79 889377
31 68 370130
34 47 708838
28 65 735549
19 19 649003
54 89 342651
66 70 246566
21 47 582804
36 39 84562
86 87 61461
37 53 713839
13 21 390864
23 71 998399
87 91 54104
36 47 301704
54 82 365831
11 97 19542
66 91 262586
68 84 677305
43 65 88786
77 80 173057
12 70 54899
53 70 899719
29 45 399239
88 93 908966
39 59 354298
22 86 508411
8 28 189501
5 19 250923
69 87 529093
25 62 320027
61 74 985931
39 98 120
51 65 448139
11 13 56303
2 91 879752
3 82 267508
50 72 622212
34 48 809149
52 70 877963
14 83 173957
43 96 525671
7 100 897932
95 100 113771
23 59 47699
51 58 242026
15 17 385187
37 58 745279
42 90 901637
32 48 560069
42 91 285002
19 83 449245
9 38 707266
54 76 353390
3 62 314886
48 72 662046
38 95 313649
37 68 6748
45 52 186272
2 72 934424
38 63 891768
15 98 661576
29 77 737631
25 90 675042
1 25 320703
11 20 749542
43 62 529288
24 71 673235
83 89 931117
59 72 855087
18 91 393700
68 99 412611
89 93 648617
1 74 716250
31 66 62585
33 72 162951
24 97 98969
36 99 821981
24 28 644879
10 66 927927
93 100 230885
69 82 70512
6 72 905964
16 73 675178
38 40 675700
3 90 805065
12 66 698454
57 61 25399
46 100 726253
26 51 570272
75 84 153111
1 77 738293
28 97 132726
47 48 756139
95 96 575603
50 91 714171
29 95 299960
86 86 206818
34 86 226995
15 48 540192
1 27 983576
1 13 464251
10 65 319261
26 76 352827
5 64 455997
3 81 978094
37 79 2296
6 8 607588
24 82 245904
44 79 749617
6 52 602060
15 16 306672
85 98 769142
60 94 752124
20 58 214367
33 77 932663
15 24 405591
61 84 745349
38 94 94904
7 19 606224
19 43 110618
20 95 903620
37 56 542302
21 23 112786
12 83 448422
14 29 310832
22 84 386713
8 81 583637
30 42 813025
6 69 783743
35 83 550382
23 46 791534
48 78 211187
8 68 342440
42 76 66214
60 74 953461
29 43 648771
26 46 507427
18 96 383112
53 100 959298
7 93 944120
6 27 360550
21 97 301146
86 90 649962
18 22 761656
26 39 421353
17 92 843554
64 74 902789
19 36 934635
11 100 16547
74 83 765930
9 22 427051
7 60 415608
40 64 519818
27 69 447478
30 53 400305
56 79 316614
4 62 416597
5 81 522831
40 91 586095
23 71 1340
75 97 421116
25 80 591803
48 89 488125
47 60 215680
63 88 139382
4 68 792321
57 95 847792
19 36 675770
38 91 672441
44 94 458601
10 31 764001
49 64 440401
26 95 787900
5 78 730616
50 85 229157
13 91 892267
12 76 996983
7 62 161783
11 15 639573
43 76 307248
5 63 978785
62 77 951405
17 97 6470
40 67 258119
5 98 277616
45 99 66079
45 67 559121
12 73 453783
11 20 96092
26 32 472342
7 72 121227
40 78 780999
6 13 541787
55 94 808216
79 81 868429
5 48 49853
57 75 44389
38 61 389165
19 66 516140
5 10 210017
61 88 631088
66 93 855194
77 96 533313
18 59 956698
60 99 214195
17 39 249256
33 54 647393
21 80 971791
31 73 602727
10 13 124637
56 74 977125
9 77 140454
22 92 192832
32 44 912961
22 70 544674
46 95 973640
83 89 875768
18 49 8218
54 86 487665
23 61 791002
21 41 594563
43 56 868655
21 64 468520
18 66 527107
16 60 433371
67 94 397191
6 15 82205
47 67 565548
88 96 748084
23 86 619689
3 32 608169
2 28 627834
10 17 129992
1 82 577693
29 76 78242
25 29 885909
64 90 845132
29 37 797673
27 92 11998
40 44 309796
62 80 146487
82 93 293140
54 81 791926
56 84 673869
65 65 792065
24 98 695142
32 71 504192
46 99 364793
57 65 761888
50 97 334693
4 18 366995
76 90 211661
3 44 619084
51 74 215192
51 94 164229
11 94 83249
16 35 156795
10 64 702406
6 97 778991
69 70 935627
15 87 53093
38 46 737527
73 91 79527
35 47 174596
5 49 511425
15 54 1201
17 35 751876
4 16 440577
55 82 919173
16 30 405243
45 99 827932
61 80 758186
11 63 536104
63 99 147484
30 80 547848
91 100 6822
12 33 258082
29 33 424348
35 54 236894
44 50 314971
29 42 916202
43 55 299137
19 75 122741
28 38 809329
16 86 955958
56 90 728530
9 14 285604
28 38 260367
19 37 837117
34 40 985559
48 59 44354
29 63 43420
50 67 28599
13 36 54742
1 82 637286
49 52 687102
89 90 684635
4 40 621142
43 82 395239
5 16 497118
82 90 707615
72 99 179422
17 94 358108
28 76 943265
20 68 260026
5 41 184309
80 100 805724
5 20 234223
29 44 198180
11 94 306339
50 63 731262
51 51 869870
59 66 634516
85 97 891310
97 99 750169
48 100 901767
6 81 488448
67 95 604894
29 34 191364
35 83 216351
24 44 20128
17 98 422200
24 29 608470
26 76 798173
28 62 460906
30 46 228101
6 49 172902
50 56 39146
55 61 426390
15 83 56971
55 88 828683
57 59 261228
3 87 786266
1 42 400978
49 91 188124
18 27 118729
29 55 170157
28 32 440031
4 59 440688
9 51 86441
37 83 311304
70 75 740731
11 43 177886
2 97 863730
46 56 597983
72 89 631085
39 76 940029
14 78 528013
35 47 20588
70 96 720698
10 51 621348
93 95 947807
66 99 193059
80 93 305515
68 89 233194
39 92 163664
10 15 984574
50 68 650182
7 62 545127
8 96 598855
9 80 670514
47 58 231634
52 64 72240
7 9 148970
2 56 209270
7 66 976407
27 28 507229
29 31 547490
20 23 633346
45 67 952218
38 70 571013
82 95 42324
2 10 804428
10 86 990564
13 32 169151
72 87 398376
11 62 303244
5 65 636732
48 61 277667
1 56 344452
73 85 345528
23 98 595751
41 68 651462
25 52 353104
35 45 263752
25 98 414958
31 85 819392
35 86 232308
65 90 417331
42 91 599255
5 93 969128
5 68 145748
4 36 525678
68 75 350890
19 64 888854
2 37 657050
17 95 618035
7 95 305388
29 31 198687
16 61 443500
51 83 532983
58 64 660134
15 48 224731
62 95 244784
21 45 286321
1 43 365471
32 75 540514
60 88 332494
23 34 972441
11 38 806556
77 88 64521
33 76 162156
53 88 388902
27 51 687206
15 84 899944
17 61 83251
28 53 350350
7 7 738947
6 14 628951
55 58 549896
37 85 265416
27 88 677050
29 68 601515
84 99 683411
14 65 875148
13 46 314386
30 42 622141
38 66 652347
2 34 468305
19 100 538963
73 82 865698
10 82 166758
45 84 648397
66 72 310467
56 65 398579
35 43 601597
5 50 623800
89 89 484906
36 43 352773
31 53 478245
9 87 29704
56 89 105869
8 27 137329
53 70 364294
46 56 145972
70 99 853749
7 100 281548
36 58 884934
14 62 989301
2 86 999656
48 50 682927
72 80 466958
19 41 491327
50 100 467758
68 89 915631
58 90 305347
28 46 860427
15 81 684364
64 94 25765
39 99 422477
63 71 54544
83 92 325451
61 71 679910
8 54 648466
29 51 168900
25 68 440945
91 92 791307
4 49 43899
16 41 660511
20 39 5510
21 47 38506
51 66 847405
33 64 189015
59 81 812687
25 54 96665
34 97 126416
1 72 404452
21 45 938965
88 97 422641
17 32 818955
53 92 104764
30 97 838495
47 67 695367
17 66 149572
34 65 882775
66 82 759090
69 74 859060
10 53 814371
20 52 124331
47 97 964247
44 72 15758
18 33 987343
33 60 350192
75 82 8468
32 91 114667
10 38 490351
4 71 221020
16 41 183408
10 47 559524
4 15 20586
31 50 288039
37 68 188915
21 30 827855
58 95 550054
4 96 341896
43 94 231075
35 70 19779
1 72 588811
11 67 23029
37 76 793479
8 98 787222
60 100 275584
1 67 547237
9 42 349158
39 49 944289
10 12 424940
44 56 525200
17 34 667784
8 76 476218
4 95 860085
8 99 154028
28 30 892595
44 78 782648
69 98 585475
39 53 213937
20 93 689966
59 97 319666
38 71 519805
15 72 316374
34 57 794048
33 84 571454
12 18 809674
6 54 729681
17 37 90481
8 41 313269
2 72 428432
27 28 759513
39 72 436999
29 87 508461
4 5 973432
51 86 272870
75 83 704841
63 89 799421
8 54 849703
38 83 532015
11 60 737343
12 48 588988
80 94 556164
44 52 872938
49 60 804014
71 87 329345
1 69 391352
72 93 100430
13 84 957855
33 57 862819
53 71 649256
57 74 828243
26 45 501849
10 60 758841
65 95 482044
17 32 862896
60 67 437665
48 65 363418
50 69 957083
18 38 263643
53 55 970688
65 71 959901
11 67 278444
18 64 599756
42 70 507644
56 61 849049
21 21 834389
16 66 971769
69 80 80925
65 87 334373
13 38 319486
84 100 369945
49 91 331624
7 84 374616
41 68 918350
21 88 239525
15 94 590630
55 64 244361
14 36 339307
8 45 498641
32 35 373917
46 96 253007
18 68 505982
3 67 43670
63 72 668821
71 97 445185
57 61 60972
25 56 543019
55 83 102739
84 97 45366
39 48 280477
20 62 965830
35 70 867104
74 88 860037
13 38 248376
1 10 390751
6 37 214338
31 70 465797
31 95 561763
6 31 916908
34 80 555073
54 76 872397
1 76 390598
6 72 64549
15 65 37219
50 69 233844
35 94 805960
29 67 781504
26 36 856239
69 97 734354
57 80 256592
7 95 313781
91 100 703020
15 71 755772
60 67 223365
53 60 147706
64 69 201313
42 97 374090
13 36 154829
8 43 707271
39 63 713430
72 90 806675
2 46 172752
39 88 979027
29 34 857041
48 50 503598
16 91 844469
57 81 943380
26 66 520858
7 44 209267
3 17 363938
9 93 199233
24 92 510518
6 11 257143
23 49 286464
92 93 33234
48 65 723630
32 82 74386
50 54 255348
23 42 495613
79 79 918600
59 75 37788
32 81 656294
10 51 147770
16 88 174028
40 65 989418
35 43 266684
39 88 241024
32 61 806399
5 83 189588
10 67 768543
24 31 87173
20 35 106
17 92 660401
70 77 508916
31 66 444736
20 79 307283
49 98 111257
13 28 94755
14 56 206441
19 99 343426
47 64 237281
25 51 629843
56 72 389174
44 54 218557
6 49 460706
12 35 26986
77 98 319199
45 78 95371
35 59 666225
10 10 853264
39 59 79259
84 95 145971
86 98 457318
3 41 664876
47 85 439840
42 74 872508
9 29 238873
51 63 12325
13 58 836582
91 100 408238
12 91 844831
60 80 188386
80 82 669987
31 61 523599
17 94 442001
10 19 397769
7 31 190222
41 73 868967
28 50 898180
54 67 866178
45 96 86495
34 45 790651
10 67 515025
54 56 689204
24 73 135117
17 36 940884
62 93 858125
29 42 987270
19 95 387598
24 97 586104
27 81 538769
36 98 950174
11 100 61914
15 51 308206
78 99 384434
54 63 744804
44 55 484519
44 93 747262
65 71 398281
33 80 140095
19 78 842285
29 85 679790
37 79 56363
70 76 501142
76 97 710498
2 20 433605
1 5 66225
81 91 594063
51 65 260030
22 48 85195
31 81 989617
66 92 2450
31 95 428535
57 68 536773
19 65 21569
23 42 843526
7 41 362565
50 95 706876
19 58 67642
22 91 583378
18 25 452318
36 48 827831
4 100 244722
42 72 679453
22 24 552378
13 82 515451
52 72 421055
34 69 491085
46 58 755279
2 48 826385
71 98 897530
22 32 631626
16 77 947413
45 67 578111
62 81 294841
49 96 483579
48 100 382978
12 54 251404
3 24 199058
38 76 321286
79 93 311950
53 72 566016
59 93 890270
7 19 547924
10 70 792111
76 82 958241
49 93 60851
34 42 540234
38 79 841501
51 89 319350
8 37 826472
58 71 175375
20 70 66127
20 25 584902
33 58 925523
21 99 828684
25 38 910522
12 43 206873
22 58 233165
29 31 422439
53 79 666776
19 85 961653
75 97 935340
47 49 531398
51 92 141854
7 46 502881
61 63 308359
41 77 689745
35 93 353539
5 55 674404
17 61 55797
73 92 292014
56 95 229311
76 85 196038
33 44 256780
40 75 548550
5 63 884233
53 55 284045
42 44 468261
33 34 293758
54 70 140951
13 41 992064
47 64 382486
36 95 679294
24 31 750176
2 35 489318
1 90 497334
58 71 723821
5 18 75740
36 96 81415
89 97 57948
9 25 811249
66 68 901506
41 62 648553
33 36 57567
68 82 118770
36 74 476872
56 91 207572
67 88 898262
38 47 27479
26 36 206246
39 46 989005
25 27 914520
81 97 826567
60 88 339346
11 61 163293
7 13 805692
24 74 16041
62 69 402435
12 74 115978
72 80 400409
11 38 727907
19 70 289073
81 83 593371
16 51 344518
7 88 888285
25 77 339987
28 73 836824
9 96 142490
12 59 869758
66 70 707295
11 21 505927
41 58 6700
36 71 547757
90 91 658253
21 40 360431
8 47 743187
22 71 494352
18 90 981971
22 56 117847
15 61 593958
43 47 533135
61 97 583913
2 45 982791
89 97 352508
15 30 308369
24 37 768517
90 94 796293
48 66 305516
46 94 446973
36 84 20959
10 83 417944
7 33 144973
5 64 993594
3 21 331629
34 47 320712
52 97 306166
10 43 211566
4 43 903271
16 17 558682
87 90 687039
46 74 570433
11 60 445251
50 91 179223
19 35 839869
13 88 613594
26 93 899641
45 64 891718
17 23 77640
33 85 904799
32 56 806783
34 50 252268
26 29 214519
79 90 864504
32 92 320717
1 86 208466
61 75 761249
13 25 305036
36 58 76377
52 78 953854
83 86 293982
54 93 135938
27 76 461851
46 55 671607
27 79 738243
6 52 166785
57 72 143753
2 54 340101
18 87 37352
35 86 757871
34 81 91099
86 88 966958
67 72 313316
25 45 482420
56 93 914696
27 30 718329
57 77 966671
17 49 423479
2 5 421446
85 89 166701
23 76 138174
64 96 88543
26 83 286732
61 91 778194
24 47 748489
64 66 34706
35 61 309394
31 75 332014
2 26 226184
12 69 56440
9 35 300559
44 75 140744
62 97 49104
48 53 120504
31 73 414457
44 60 847656
84 97 951353
66 77 148473
56 88 633287
9 56 3475
37 66 332571
29 82 435042
70 82 859057
48 97 895890
55 68 67211
70 88 368793
44 56 121966
6 100 401196
9 20 157026
26 99 748614
25 96 930740
7 59 906214
44 91 954229
4 85 42256
10 60 305210
1 46 595273
19 36 6620
63 82 168797
3 68 190200
1 76 228699
9 55 291823
21 54 42773
44 60 98917
64 69 539427
13 90 246531
74 82 864608
83 95 893239
58 62 386729
13 53 37937
10 82 361634
20 64 191782
22 34 959155
49 70 681614
4 52 708293
75 84 912936
20 90 189064
7 63 669491
73 91 862830
29 49 861364
59 79 451375
40 77 229941
22 63 932678
42 86 865475
70 78 632752
3 31 529389
15 45 649265
70 89 503625
75 79 409297
56 84 702961
45 97 762137
78 85 936512
35 44 39833
18 62 196631
26 36 856484
14 89 160732
14 76 258639
9 55 429432
38 64 226936
45 69 707606
10 81 519163
16 74 931753
28 80 996925
21 90 927909
52 97 680547
15 54 596227
15 30 290201
81 87 476159
63 66 713422
4 18 190556
10 87 380597
22 71 305884
34 37 558084
46 77 876106
62 86 737398
1 52 868467
13 62 11083
25 78 796070
15 93 680772
56 96 975673
7 29 466858
29 98 665926
44 54 523078
9 64 383720
51 97 464360
46 55 501440
16 55 632099
12 39 740917
20 32 293709
43 56 408621
22 87 745089
24 77 628887
41 98 943710
4 72 587171
7 11 768136
31 45 856006
29 86 776357
33 84 331193
60 93 387807
7 44 99960
20 75 812518
22 62 423493
62 65 935148
40 46 799205
20 31 459882
16 100 487008
43 61 216792
2 56 460996
58 71 909366
7 55 17312
22 57 729160
22 55 515786
4 20 513300
68 76 986652
59 71 810276
17 60 228081
26 64 530376
10 70 291819
56 95 502931
52 86 683118
23 97 893979
3 94 779172
52 87 657595
2 4 346360
47 84 34259
49 79 711197
15 30 550468
46 81 777479
78 91 968695
15 68 422895
46 90 820181
84 100 507922
45 89 596558
14 55 447024
6 98 579093
70 83 523791
84 84 145120
19 88 212343
5 34 519211
52 99 694325
33 79 750643
28 34 349595
2 14 807421
10 59 660349
84 98 377294
35 64 171251
56 89 457971
3 28 830939
22 28 532281
44 77 200982
32 96 980788
29 41 870600
55 72 408570
6 27 882011
57 70 242534
28 72 333499
34 73 966296
14 83 65561
1 11 228466
70 82 471786
77 99 980890
88 99 876199
23 57 317565
1 54 969869
51 100 963784
42 85 588316
19 47 227311
4 47 951706
12 51 191208
79 84 216783
36 87 754670
73 81 630792
30 100 733697
66 91 750103
47 92 501027
13 58 882704
29 77 95066
64 72 683659
4 38 995507
82 86 373414
21 47 935419
22 67 306178
73 98 619526
46 66 703044
46 53 43306
87 95 828499
38 75 771138
26 91 843742
10 52 888174
35 82 623637
11 92 789264
35 96 927342
28 68 897231
20 65 518304
12 41 360277
39 65 23400
27 47 645842
11 100 350921
53 85 450105
61 66 505862
46 50 328256
56 81 256552
18 56 589283
23 37 250556