63
-5443 410 3841
-7942 -5313 -268
-6891 -6762 -1041
-6792 2701 5330
-5206 2216 8073
-9294 -2304 1028
-8795 -2407 -71
-6452 -106 8559
-6204 -471 3531
-6908 -4543 9601
-5208 -4931 -4868
-7687 763 9086
-6890 -124 1902
-7969 298 5239
-8252 -3820 8550
-9136 -5105 5435
-5217 -1804 6928
-5735 -765 6559
-7620 -5764 315
-5504 -233 7210
-5219 -2466 -894
-6977 -1728 5342
-9944 1652 3615
-6812 -4127 9173
-8962 898 1195
-8724 -7361 9123
-5870 -3394 -371
-9473 -6352 -1834
-8715 -6829 1730
-6819 3693 9029
-6933 194 5996
-8538 -5814 -3049
-6846 -2000 4206
-5949 -938 3129
-9425 -1700 -1428
-7450 4526 9082
-8290 -4356 -2339
-7479 4239 9309
-9668 -3680 -3042
-7601 -5122 5526
-6330 -1658 624
-9935 -5091 -4916
-7600 3013 9053
-5104 -2005 2357
-8931 -6337 -6264
-7231 4210 7396
-9452 -4383 5242
-9300 -6214 4044
-6185 -4179 -3170
-7845 -7288 -7115
-6413 4505 8807
-9707 -3158 2112
-8452 -6528 8327
-9988 -8096 1669
-7096 3849 4008
-8961 -4868 9482
-9038 -2113 3543
-9428 -2949 -681
-9752 -8912 7367
-9433 398 404
-8226 -2166 7853
-8768 -3096 -192
-8724 -1339 3500
