97
-8077 2418 5091
-5769 -5147 1999
-9045 -1276 1012
-6159 -1676 8300
-8767 3057 9654
-7645 2509 7209
-6079 -1374 1223
-7772 1628 1790
-9055 -5858 -5633
-6331 2967 8010
-5435 1575 2281
-7017 1553 5224
-8953 -840 3922
-8920 -6811 -5503
-8095 -4655 2167
-8043 -2957 3588
-8994 -54 1525
-5229 -1752 8242
-5817 3798 4365
-8169 -3397 6440
-9807 -9683 -3217
-8079 -7181 3748
-7082 -3275 1378
-6851 3854 3982
-8236 -5538 3059
-9057 3476 6045
-7421 -2558 3045
-7665 -1506 2091
-5532 -2545 3494
-8576 -7319 5691
-5477 -2581 3132
-7418 -3638 6119
-9587 -5739 -552
-5028 -4406 942
-7426 -2475 2482
-5978 -2406 -2148
-8069 -2435 -2232
-9646 -9636 -3255
-7785 3680 9594
-7162 -5292 3083
-7108 2783 7209
-9453 2706 7395
-9791 -5961 -4885
-5814 1584 5082
-9460 -2537 6595
-5704 -5073 -4322
-5588 -1900 9004
-8104 1905 5659
-7048 -820 1958
-7890 4335 7648
-6744 2002 3535
-6959 506 1470
-7256 1997 2162
-9552 -670 9988
-6223 -3324 -1721
-6175 -466 231
-6737 -2345 687
-5428 -2627 2371
-6347 4084 5362
-5126 1393 3364
-9307 -7131 290
-5197 1394 2568
-5134 -3612 2029
-9498 -6140 1828
-5105 -4525 -2308
-9798 -6256 -1045
-8565 618 3116
-7453 -5927 7340
-8747 3762 5081
-5186 1940 8442
-5291 -340 4260
-5133 -1739 5190
-7308 1268 8649
-5081 -3725 -3242
-7939 -2552 7063
-7621 -1288 7586
-8898 9 6474
-6837 3713 4724
-6347 -415 6067
-9701 -6290 -5650
-5889 1589 4716
-6627 150 5178
-8161 -5907 -4691
-7625 -6323 4335
-5686 2904 9427
-7458 2730 4095
-9703 -4366 897
-9003 -5035 -4796
-6684 674 4030
-9955 3522 9955
-7094 -6620 6442
-7464 -4918 7914
-7033 -2223 3
-8005 2375 8314
-6708 478 919
-9389 -7797 1864
-9559 -6665 -6038
