947
-6821 2887 7926
-6689 -1187 3028
-5108 1319 3014
-9061 4758 9769
-8780 3088 8668
-7404 -594 9802
-5135 1101 4312
-7925 -2958 8151
-9446 -1867 6813
-6097 4338 7761
-7181 -3832 4867
-5376 -4861 9077
-7619 -372 5942
-5350 -1401 7892
-9575 -7314 5109
-8441 3134 3469
-6619 -4951 -13
-9577 -3775 6424
-7238 -2576 1478
-6574 -2338 2829
-6875 -4121 -2005
-7246 -2336 4583
-7293 -5327 335
-6950 3197 9414
-7694 -7142 7370
-5801 2307 6411
-7483 1830 2920
-7319 -6573 3567
-9327 -8134 8527
-6394 1011 7199
-5622 -1581 7514
-8482 3201 5612
-5832 -3856 3242
-5941 3395 7988
-6369 -3851 -3701
-7727 -3230 1050
-6349 -6079 -3213
-7518 -4458 6222
-8085 -1930 3796
-6191 2568 9625
-9749 2402 6375
-8958 -3387 -2829
-5447 3903 8842
-9437 -6201 -204
-8150 893 7892
-7256 -520 7302
-5580 4401 7378
-6339 1623 9014
-6910 -5641 -4453
-8018 -2443 9793
-6679 -1985 1618
-7813 -4398 -1612
-5545 2434 8977
-8195 -2146 7475
-7503 -607 3274
-6638 1854 2275
-7710 -3680 5131
-8655 -6647 -6543
-7801 -944 7978
-5358 -3474 -997
-9769 153 886
-9565 -9145 -1854
-6969 -3235 5611
-5280 -766 3035
-7086 4094 9215
-7628 -6132 -53
-9208 -2729 5531
-7956 3360 5235
-9890 -950 8426
-7457 -4144 9200
-9277 2751 2828
-6617 -1620 531
-9970 -3630 3208
-7265 3347 4665
-7732 -2353 3816
-6167 3080 6132
-9528 1719 4166
-7861 3330 8559
-8943 -3791 920
-7535 1359 8548
-9705 3397 4476
-8353 -851 -449
-8726 -2679 9496
-9435 4941 5406
-5984 4133 8882
-8781 906 6131
-7736 -6529 8023
-8340 -230 2901
-5848 -4829 -4345
-9695 -2450 -180
-6119 -2325 1058
-6958 4712 5886
-5996 -2370 858
-8918 4606 9749
-5221 -2027 -1686
-9773 -9445 -4593
-8856 -8794 -3897
-7711 -4159 -3934
-6753 -1771 8641
-9781 4259 9035
-7308 -3105 7777
-5436 2023 6542
-7441 -5751 6619
-9012 560 1305
-9691 2621 4301
-7264 -734 7314
-9564 2552 8165
-5704 1609 5266
-5600 4079 8777
-8380 -5057 -3496
-5422 3471 4498
-9119 -7426 -6672
-7395 -975 3932
-7008 -1549 1893
-7267 -5731 8924
-7105 4722 6746
-5639 310 6503
-6946 -4913 7784
-8976 3474 5799
-7918 -3401 3293
-7196 1358 6430
-7552 -4076 -2407
-8949 -7877 3060
-9273 -3307 9656
-6714 716 5432
-9013 1898 4946
-7546 -2539 9825
-7025 -3525 3121
-9349 815 3855
-6916 -6144 5349
-6957 -6662 -5064
-7266 -1968 654
-7826 3991 8790
-8590 -6222 6927
-5815 -1354 6263
-5296 -1771 3633
-8970 -765 9328
-7741 -485 4469
-9601 -5010 1264
-6678 4680 7970
-5998 -4186 -2608
-6717 -3870 -520
-9755 -5490 8347
-8592 -5771 2130
-9005 -8176 -2850
-6783 -662 6543
-9854 3729 4757
-8287 -6320 -5023
-7742 -6873 6225
-9556 3729 4873
-8415 -5601 6951
-6117 -2400 1745
-5705 -2750 5153
-8931 -133 2008
-9859 524 4439
-8484 4908 6282
-7483 -1829 1826
-9402 1162 9802
-9552 -8337 313
-9211 -5006 -2295
-6709 4264 8440
-6813 1646 4753
-8666 -4253 8223
-5203 -854 9158
-9220 -6083 -3762
-6281 3026 5109
-8848 -5344 784
-7268 768 5072
-6727 -3753 -923
-8319 -712 4745
-6858 4763 6677
-7289 -4130 8869
-8907 -7444 -2705
-5769 -5635 6076
-8956 -8442 -4934
-8341 1787 3191
-8494 -791 -390
-5780 2544 2820
-8863 -4538 -2368
-8404 3456 8042
-6845 -4960 -952
-8467 -4776 -4066
-8293 2550 4509
-8561 -3368 -2760
-5799 1383 8417
-6374 2549 3908
-5009 -4748 -36
-8738 -4319 -587
-6342 -6314 9932
-8022 -7124 -525
-5823 2570 5297
-6156 423 2377
-7945 -6729 61
-9273 4991 6485
-7785 -746 -639
-7951 -3914 -3363
-7283 -5058 6309
-6789 4321 8439
-9965 4236 5858
-7145 -3583 -3062
-6817 3951 5806
-6158 3703 6903
-7943 -3989 1354
-8699 -6014 9712
-7758 -6151 6284
-9582 -8612 8664
-5714 -4627 4690
-7861 -6881 -3080
-9223 -8280 4292
-7409 -4007 -1347
-6494 1566 9923
-9681 2006 9783
-9982 -6086 -2289
-6149 -3103 7595
-5985 40 2999
-8521 -4694 740
-8535 -5897 454
-7195 4336 6179
-6454 -849 9569
-5977 -2117 -1043
-7652 -3923 -1676
-7799 -6009 8177
-7687 4363 9991
-7564 4091 9422
-10000 -4865 6694
-7008 -6411 255
-6114 2465 6496
-5063 -4829 -3029
-8590 -3633 2084
-7848 1130 4757
-7100 -7013 3365
-6486 934 8977
-5264 1294 6917
-7026 -40 2562
-7056 -3404 7200
-5562 -3225 162
-7840 -5370 1058
-6662 -445 6237
-6694 2888 5592
-9295 2166 2217
-9487 -1586 -1020
-8149 -5666 8386
-8611 -1221 4104
-5070 -441 1125
-5502 419 3995
-7835 -2074 4058
-6149 -2174 -470
-8614 -7140 5704
-9904 -8497 -2386
-5081 -4239 -1530
-6076 1392 4493
-9106 1566 7602
-9324 -4100 1361
-7815 -7044 -2164
-7680 -993 656
-7482 -3925 8452
-7523 -2007 1956
-5803 -2471 5247
-7508 3274 8870
-5658 4759 9974
-6038 -1746 -418
-6652 4278 7450
-8862 -8791 -3568
-9501 -8692 -2452
-5261 4471 5517
-6995 -1303 5421
-8756 -658 9851
-9334 -6515 539
-6920 -3009 4382
-7200 -3218 192
-5838 -2385 5405
-9667 -5818 -3265
-9214 -5573 -5511
-8088 -2741 988
-5366 -2671 4135
-6018 -366 3
-5847 -1574 6316
-7678 -3054 4064
-7416 -6093 4638
-9640 -9324 4881
-9762 -3116 1508
-6256 -554 9184
-6113 -1726 1243
-8828 291 8444
-5054 -4230 8164
-9373 -6910 3297
-7313 -3819 6114
-5911 4261 8531
-6257 1007 9571
-9512 -7688 6099
-8953 -6838 -6668
-9050 -6843 -4656
-7770 1255 7086
-9311 -5728 -5601
-5603 -5532 -901
-5276 -2491 -1640
-7168 124 4037
-5210 -2235 3507
-7965 1777 3568
-9969 227 7092
-6854 -6646 5641
-8612 -4542 -3642
-7763 72 9660
-5883 3502 5563
-8269 2490 6692
-9850 -8798 -1750
-5039 1527 4913
-8542 2061 4459
-5401 3867 6312
-6517 -1603 8711
-9625 -4686 -347
-9510 -7692 -5157
-6206 -3494 1913
-5016 4611 8704
-8631 -6632 85
-7113 -6905 -4955
-8787 -5838 -5036
-5465 -2468 4051
-7612 -7358 942
-7195 2281 2618
-9651 -3337 8167
-6761 -5131 6552
-7792 3739 5968
-6884 775 4369
-5483 -2400 4542
-6931 -3390 7582
-7187 -5674 3754
-5547 -4603 -534
-5207 -3588 8098
-8886 -4643 -4251
-7193 3938 4899
-8145 -3548 -2011
-6979 -2332 432
-6698 82 3762
-6061 3330 8998
-9725 -8234 -714
-5916 2819 9975
-9131 -5804 -168
-9038 -8174 -3118
-8850 -7139 5624
-8170 -5841 4506
-7416 4745 9137
-9362 525 6359
-5481 -4591 2985
-8428 -6077 -4214
-6497 468 3184
-9356 -5516 1103
-8887 -5778 2005
-8554 3472 7878
-8540 -5131 5098
-8039 -1760 6366
-7789 -1820 2548
-8320 -8148 6206
-5317 -1222 648
-6193 1016 8708
-8235 3838 5055
-7192 -6020 227
-9000 3359 6314
-6918 -1449 3043
-6932 1127 7008
-6845 -1497 5797
-8311 -3030 -1363
-9314 -2267 6210
-8575 -4323 -2893
-5719 3404 4758
-7787 -786 8659
-9372 280 4504
-7858 -5527 5656
-9121 1602 5717
-6932 650 4881
-5826 -5375 5906
-7181 723 3244
-8413 -3385 2552
-9591 2301 5122
-9417 -2735 -81
-5761 3705 9414
-8323 -3542 5989
-8908 -2322 464
-8306 -2365 3303
-8110 2549 2901
-5404 -3044 -882
-9964 -2638 5486
-9804 -3127 5816
-9567 -5613 -5320
-9513 -3789 -314
-5484 -5 7904
-9451 -5239 -1160
-9509 -4308 1948
-8930 -4285 3134
-9996 -2163 2520
-9308 -5314 -97
-5389 50 2025
-8407 75 5668
-9077 -9064 2344
-9254 4278 7108
-5002 368 5603
-7281 -2155 7901
-9357 4570 5853
-8704 -2234 2757
-7361 -5406 9262
-5951 -2955 8154
-5627 -1036 8567
-9229 -8695 7902
-7808 -5081 -2785
-6167 -2575 9894
-5019 199 8596
-6560 -5358 -3319
-5133 -2064 -1512
-7187 -6582 8813
-7992 3891 5027
-8623 -2229 5214
-5544 -4751 -610
-8936 -2494 1467
-8331 2253 5084
-5321 -349 2656
-9278 1344 6093
-8181 -5749 -5722
-5638 -2745 7030
-5456 -2443 3924
-7307 -4352 -2895
-9744 -9551 -163
-8321 -4685 5048
-8917 -8262 1831
-5063 -1041 3460
-6159 -5183 -5106
-5384 -264 6441
-6142 -4801 4111
-6363 1286 8947
-8889 421 8598
-5042 2027 3429
-7881 -6933 -710
-9659 -7890 -5622
-9939 3963 5254
-7362 -2838 2891
-8966 -5419 3358
-7963 638 4144
-7259 -954 1072
-6290 -2715 -1667
-7069 376 6771
-6566 2771 5743
-8485 -6441 6977
-5333 246 8177
-6045 -1176 -464
-9371 4926 8194
-6766 -4185 -2827
-6152 2481 9927
-8752 -1749 9838
-8557 -7909 -708
-8676 -4423 1062
-7228 -6821 -1845
-9687 -6977 -4177
-7797 -1842 174
-5002 4779 5913
-6829 -4129 -3548
-8209 -5263 6008
-9441 -6170 -485
-7997 -4433 7187
-6201 -3705 -1879
-5091 -2792 -291
-6162 2692 5592
-6320 -1676 8901
-6769 1552 6805
-6935 1700 3123
-8824 -5644 48
-8488 -6652 1302
-7888 -6538 5785
-9044 -7200 5701
-6678 -49 4349
-9366 -7851 -3967
-8758 -92 4789
-5666 2859 9837
-6836 -4905 -1810
-7848 1717 4669
-8355 1092 5480
-9434 1062 4302
-7343 -1836 9898
-7831 4003 8856
-8163 4736 4959
-8231 4597 6134
-8914 -33 360
-6983 -738 6913
-7005 4404 5857
-5751 3170 6951
-7338 211 430
-5857 4753 8240
-7834 -1335 9561
-6928 -838 -455
-7428 -2922 343
-9520 -2863 1928
-6871 73 9354
-5411 -2292 3869
-6399 575 5541
-8901 -476 6059
-9314 -4168 -1690
-6569 980 7592
-6040 -3003 -1219
-7235 -1647 1105
-7726 -5302 7245
-7136 -4140 4888
-6480 -4493 -4068
-7114 -5067 -3410
-8926 -4916 2655
-6045 -3483 4369
-6439 -1659 4949
-5309 -590 3459
-7018 -5801 -2786
-7479 -1480 7248
-8478 -1078 -256
-9083 2188 7305
-5788 1032 8590
-8103 -8061 -7303
-6742 -3700 -589
-6789 1739 4438
-5329 -3691 4158
-9313 -5629 -2085
-6859 -156 8614
-9244 -6440 8437
-9799 -8666 -3818
-5489 -3919 9120
-7808 -3600 -1082
-5728 -5549 -809
-7506 1187 2965
-5703 -2262 9346
-9801 2557 3258
-6209 -2437 -482
-5214 -4316 6679
-7537 -2497 4969
-7906 -6744 -1738
-5150 4051 6071
-8770 2683 5260
-5203 1011 9876
-8394 1103 5182
-9215 2415 6116
-5522 -1873 9539
-6415 -2363 3223
-7446 -487 155
-8067 -1528 8374
-9891 -2897 9960
-9228 2522 9831
-6982 -5810 -2641
-8256 -6795 -5090
-6604 111 9775
-7224 -1424 2543
-5545 -5001 -3684
-8951 -6587 9208
-5096 914 9672
-6934 -6898 -4410
-8016 -2247 -1230
-5652 563 6157
-6717 -2558 416
-8822 -2776 9010
-5941 2293 3329
-6022 -3569 7258
-6826 -5121 -1625
-5463 498 3745
-5897 -1306 4605
-6907 4004 4156
-5923 -5635 -4970
-9030 -933 9558
-5903 1436 4875
-9441 -6196 8465
-5454 -210 9349
-6099 2491 8920
-7475 2891 8035
-7932 -3360 5132
-8963 -2331 2761
-5656 -5373 3440
-6810 266 6919
-5491 -2770 8858
-5308 561 2718
-6321 3040 5219
-7167 -4567 612
-9409 4370 4874
-8177 -1224 3293
-7890 -6193 3158
-7010 -5422 1950
-8188 1532 4818
-7274 -5749 -4511
-9996 -2917 4410
-5961 -3453 8472
-5816 -3745 8983
-5426 -1463 1551
-8598 -8594 6206
-5906 4749 7547
-9737 4010 7365
-8855 -1647 6468
-6243 4618 9702
-7174 -2046 1003
-7675 -5707 9617
-9587 506 3473
-9215 3314 6139
-8623 4429 8799
-5642 4319 6630
-8049 3235 4188
-8041 -2657 -1361
-6741 -1320 2853
-8545 2689 9281
-9119 4534 9722
-9928 -1690 6229
-9666 -3202 6738
-6883 378 2025
-5751 246 2212
-8526 -739 2806
-8003 1127 5184
-9611 2574 3259
-7533 4357 9187
-6909 -6048 6695
-7170 3412 5256
-9693 124 3617
-6439 -6308 668
-5244 -4629 563
-7645 2725 8636
-7328 1952 4215
-7760 676 5075
-9928 -8126 1273
-5592 2946 4400
-5610 1409 8926
-8458 -2869 -878
-5491 281 3443
-7922 -5005 2998
-5978 3819 4498
-8805 -6493 284
-8006 -4131 -1702
-9537 -109 6216
-5300 -2649 1149
-7131 -5565 -4640
-8533 -5885 -5875
-6006 2491 4573
-7119 -5572 -3426
-9248 4524 8422
-6599 2464 2868
-7727 -4241 3388
-5414 -3506 386
-7931 3018 3754
-8203 -6246 4253
-8560 -1258 8622
-9489 -8759 4620
-5079 1939 6955
-6761 -2148 6047
-9705 -781 6986
-5289 -881 8762
-6936 -204 157
-7550 -3336 3636
-7980 -1968 6570
-5261 -2163 6013
-7774 -2396 1285
-6902 -6066 -4717
-8838 -8132 6499
-6776 143 3880
-5265 -4279 6498
-7711 -4948 -4248
-5923 -332 32
-7832 -7138 1579
-7865 -1287 1166
-8753 -4667 8544
-9766 -7054 68
-8284 571 1498
-9116 674 6890
-6512 -1996 4263
-6350 1114 3203
-8269 -1240 3826
-5901 -1006 2392
-9245 4351 7497
-8121 -2584 3290
-6954 -100 2154
-7705 -5927 -3920
-7536 -7448 2031
-5335 -1210 1258
-9912 -9639 1028
-8984 -3300 7565
-7206 -6164 7865
-5406 2906 6783
-6736 680 1333
-6716 4100 4459
-6074 1381 5813
-5912 -498 6461
-6007 1103 5896
-5676 -909 8396
-8118 358 4619
-5525 -1018 2093
-6844 -5699 -1623
-8054 -6466 5754
-8303 -6747 1809
-7457 998 8166
-5035 1916 5938
-8280 -5371 -1570
-7089 369 4576
-8078 10 4667
-5477 -806 5702
-7956 924 2849
-5200 2294 6644
-9583 -30 8492
-7396 -1708 1155
-8478 -5294 -2225
-8186 -4950 8331
-7856 3999 6541
-9543 -6729 7326
-8463 3292 4796
-6836 -745 5654
-9391 -4159 9527
-8610 -3679 -1437
-6334 4695 6125
-9212 -4459 -2983
-5482 1471 4588
-9659 -4925 687
-6803 -5575 9599
-6408 -6216 7040
-9415 -8514 -3020
-8973 -6246 -2263
-6130 -1202 1400
-5617 3462 6718
-7021 -5273 3814
-7749 -7382 -2733
-7600 -1877 5804
-7490 93 5677
-5070 -4521 -3113
-5174 2069 4503
-7712 -2382 -691
-7087 199 7631
-7584 -5689 73
-8316 -4558 6804
-8980 1360 1947
-8718 -5173 4284
-8775 4482 8785
-6219 -4016 835
-6908 -2716 -1544
-7718 -4131 6093
-6051 3109 5372
-5086 3423 9317
-6671 409 9487
-6777 -6438 9341
-7521 1261 5959
-8559 -4989 1044
-5907 -4562 -695
-5491 -1307 8419
-8253 1484 7440
-7921 -4904 3438
-7989 -5319 -1726
-5664 -3830 3884
-6658 -5852 -3033
-9887 2541 7898
-8256 987 1020
-5952 3215 9501
-8502 -3573 7360
-9667 -8999 4239
-8824 -5841 -5499
-8626 689 6713
-9800 -3371 -2854
-9382 51 184
-6051 -829 9217
-9561 -3001 7406
-6813 -3399 6861
-6483 -2913 3661
-7283 -5879 -1849
-8241 625 2412
-6030 2731 4555
-8939 -4402 -89
-9501 -8829 9249
-6112 -3758 -2324
-9475 -8562 -6283
-8726 -1209 2558
-9632 4441 8688
-5086 -3559 -1738
-5549 -74 9308
-8518 -660 -596
-8166 4571 8868
-9426 -3437 -1790
-9686 1511 4021
-8715 1763 4468
-5210 -5205 -3513
-7386 -4552 4061
-8145 -5044 -1669
-7494 -982 3445
-5095 -3903 4582
-9113 -189 6381
-5559 4242 8663
-9407 -1012 -220
-5876 -4403 1033
-7118 -1705 631
-9487 1065 3344
-6814 -1208 4549
-9872 1317 6052
-8768 -1750 5940
-6405 1170 1917
-9058 -485 1613
-6033 -3532 7858
-8611 -6651 2178
-9182 -7693 -1029
-6075 -2930 746
-6795 3339 4792
-7850 -6442 334
-7544 4676 6433
-6704 1720 7580
-7186 -3065 -175
-8154 1531 5833
-7259 -7098 1584
-5799 2173 9575
-5799 1108 6090
-6683 4615 9492
-5094 -4775 3519
-5240 4157 5432
-5403 344 7138
-9406 -650 1666
-9571 -6360 2170
-9089 -2706 2511
-9678 -6461 3982
-6837 -5129 6499
-8665 -5297 -1704
-8176 -1691 6286
-7054 -4777 -2243
-9269 2583 3422
-7701 3418 7973
-5171 -1889 6484
-7439 4186 9095
-6244 50 2827
-9647 -3765 4449
-6752 -6471 4039
-9774 3940 6641
-6723 -753 4563
-7325 -3577 -2438
-6699 1813 6926
-8781 -1676 -704
-9691 2497 7521
-6785 -3841 5493
-5195 -2038 5917
-5013 -4723 -2803
-7199 -4712 8310
-8234 -6838 9251
-8499 -3106 1205
-8182 3132 9242
-9133 -7981 -3572
-7973 -7403 2729
-6793 1821 5239
-9647 64 1574
-9916 -7201 -1805
-5665 -945 4691
-9985 -7196 4769
-8421 3027 9238
-9836 -7462 -6391
-7636 227 4187
-9887 -380 9733
-8188 -2587 1971
-6209 -2847 8
-8736 -3725 3771
-5711 4333 7561
-8704 2841 3698
-9733 2391 6840
-6940 -2206 6452
-5213 4969 5456
-7818 -6175 -5137
-7065 -5278 4198
-8588 4041 6625
-5668 3946 6006
-8835 -8170 2677
-6298 4671 5476
-5839 -3987 370
-5311 4903 5317
-9633 3068 8444
-8259 -1163 7892
-7555 2876 7851
-6033 -354 7528
-8611 -6507 -1297
-5391 4056 9134
-8394 -3406 6265
-9837 2797 4861
-8790 -2249 6974
-8003 1238 5286
-5186 4243 9723
-9045 -7868 8922
-7732 -193 6860
-7798 -6664 1105
-6007 3912 8232
-7315 -6978 -1345
-8184 -6665 2394
-7192 619 7646
-6457 -1747 2273
-5474 -1491 8822
-8612 -3964 3800
-5419 4754 5054
-9100 -7568 4968
-7258 -3719 1319
-9782 1167 9124
-7253 -3935 3423
-6826 -809 7138
-8085 432 5102
-8629 3236 6995
-9617 -2833 8221
-6530 2051 4917
-9797 -7372 1599
-5103 -2738 3548
-5504 2704 6197
-5566 -2153 -274
-5298 2686 2718
-7607 1259 9742
-7515 -5512 4186
-5150 1639 6605
-5773 -1849 1086
-8984 -3225 -134
-9813 -8276 1618
-7624 112 9413
-6453 3377 7867
-7939 -3444 9963
-7155 -557 5274
-5587 -1610 7454
-8173 2740 5961
-9554 -196 4960
-6300 474 1089
-7687 4758 5597
-9514 -5855 -3569
-8257 -6339 -2050
-8998 1158 7899
-6287 -5050 -1834
-5638 -4426 6792
-9425 -9294 -4755
-5262 3316 4392
-9928 1791 2529
-5911 -639 -30
-7683 3115 5858
-7798 3869 9291
-7793 1996 7000
-9100 -8577 -573
-6318 3450 7394
-8460 1530 2642
-8874 -5612 7784
-7277 4329 7979
-9608 -6900 9326
-7071 -3370 8178
-5305 -1277 3346
-5936 1739 5547
-5525 -4782 -148
-9617 1758 3430
-8729 4955 7481
-7642 4933 6814
-6595 -3540 5193
-7779 -3688 9771
-9672 4388 6796
-7876 -1422 6456
-6808 -1113 1987
-7971 -2220 5017
-8283 -2202 3829
-6442 -1444 651
-8193 3138 5548
-7910 3265 5730
-9076 -8256 -5654
-9202 432 2240
-5275 -2065 -1848
-8894 -8228 9309
