658
-7768 3078 6810
-7677 -5253 -1014
-5309 3446 7371
-9501 -1581 7351
-7478 -1460 4549
-8220 -4978 6568
-6270 2857 8610
-6784 1317 3224
-9341 -5437 3594
-5943 4444 7055
-6337 289 2092
-7328 -6264 -3674
-9743 1822 7711
-7110 2195 8682
-7559 -5991 -3490
-6614 3007 3507
-7453 -5790 9594
-5173 2768 4831
-5993 -3266 2184
-5658 3848 6647
-5148 -5117 -3169
-5462 2853 5580
-6938 3968 6963
-5665 4829 6893
-9273 4652 8469
-5192 -1722 3667
-8010 383 7733
-7283 2328 6928
-9972 -8510 -3546
-9549 -8033 5804
-7570 180 1106
-6289 186 8736
-7878 4012 6416
-8654 -7996 -2067
-7419 -4799 8964
-9752 -9684 -8561
-9402 -6118 1772
-7222 3857 5525
-9669 3521 4463
-6008 -4358 8651
-5621 -1251 -180
-6728 3092 4166
-8153 57 9321
-6506 -761 7421
-5325 1869 4958
-8049 4418 8978
-9982 -964 4393
-8948 -5418 -4336
-9563 -1947 -1152
-6004 1227 3866
-7620 -2990 5976
-9141 -5130 7451
-9936 -6059 5313
-8681 -1309 3248
-5386 -1639 2565
-6704 -4293 -3305
-7273 4047 6948
-9380 1418 3861
-7272 -477 2527
-8034 -2774 5133
-7571 -5716 2242
-9798 -4723 -3698
-8644 -4608 -3005
-5507 -5064 -1496
-8445 -6443 -5723
-7541 -5902 -4975
-6757 -1025 5272
-9270 4590 7392
-7888 4258 5553
-7659 1060 9257
-7737 -5137 -3801
-9432 -5617 -1417
-9199 -4193 9083
-9425 -7247 -441
-8439 -5445 -1098
-9305 1908 5842
-5047 -3518 6318
-9017 -5930 4982
-8340 -7300 -3122
-7140 469 2422
-9973 -6352 5997
-8278 587 5338
-8446 -3588 3998
-8615 -4771 -543
-7162 -2278 7284
-9475 -16 2905
-5587 4862 7767
-9131 2909 9856
-6008 682 7853
-7229 4564 8012
-8535 3706 3787
-6562 -6094 7707
-7290 -2481 -1978
-7976 -4007 -2909
-9424 3486 7286
-6292 -3284 623
-7669 -3880 -2159
-5547 -2358 8436
-5018 4679 5559
-8543 356 3246
-5760 -2522 5479
-7509 -55 3985
-8185 -8138 9338
-6720 -6178 -5781
-9348 -5911 -3062
-9331 3342 4824
-7434 -359 9856
-9805 109 3059
-9133 -5846 6320
-5864 -2827 5666
-9680 2647 5542
-6623 4951 5615
-5524 -5484 1855
-7874 1651 5701
-8216 3154 4799
-6105 -5662 5945
-5410 414 4920
-9221 -3473 691
-8724 3225 5205
-7339 -424 6061
-9238 -3966 5292
-5090 -5004 6895
-9240 4170 8181
-6564 -1903 9137
-7032 4578 9438
-5876 -1581 782
-7886 -1333 8197
-7954 -1501 4162
-6029 -1554 7113
-5992 3192 5047
-7762 -4864 -688
-6667 -3932 5525
-5130 -3901 8321
-9937 -7595 2971
-8437 -4538 7870
-9760 -261 1195
-5389 -2121 6255
-7158 -105 6706
-9778 4170 5968
-9622 -547 556
-8166 -6366 -3159
-6860 3613 7864
-7907 2403 2796
-9515 -4899 -1273
-9801 -9074 304
-5553 -5438 5936
-6609 4074 5384
-7242 -2042 -109
-8624 -3265 1983
-6719 3414 9598
-8997 -5693 -5338
-5174 3085 8717
-5770 1588 3638
-7500 -3978 958
-8994 3557 8172
-8111 -1895 6054
-5063 -3203 8074
-9322 -2496 3858
-5559 316 5747
-5423 -768 8596
-9679 -4209 9390
-7075 3733 8860
-9950 -2293 140
-8042 -5109 -4696
-9542 -4021 -847
-7682 -5082 -4240
-7774 -7286 -3919
-6593 -4791 7723
-9544 -1031 1561
-8497 765 5045
-7280 -1435 5449
-8444 -3891 -3613
-8092 -6784 -1865
-7077 -6913 8864
-7172 1554 7988
-7394 -5368 2757
-7058 4011 8819
-6955 -2113 5340
-9938 -3614 -999
-7426 -5835 -1189
-6644 2327 8599
-5336 4306 7875
-7463 255 3975
-5406 1314 8506
-7318 3474 4892
-8338 -864 915
-6806 4006 8298
-8811 -2844 -2788
-9470 -8656 -6938
-7098 38 9138
-6986 2634 6825
-6922 -4497 3150
-8746 -5843 8215
-9645 3945 6268
-9781 -7730 -3063
-5141 -5053 -2700
-9596 -5881 -5096
-9206 -7759 1340
-7955 1255 5975
-7482 759 3385
-6318 1583 4409
-8821 -2770 1972
-8916 -3561 2512
-6800 -1119 4148
-7446 2106 8367
-5085 2406 7706
-7948 -4835 4294
-8523 1943 2201
-8296 3164 8827
-8135 4676 8271
-8913 -6301 1768
-6201 -5150 5817
-8598 1305 5918
-9169 -340 2775
-7658 -3010 -2125
-5258 3030 3853
-5641 3016 8162
-6902 -5189 9147
-6619 4947 6101
-6576 -3812 511
-9236 1160 4589
-7555 -7260 5172
-5800 -5745 -857
-8523 -7456 1827
-7869 2021 7877
-9430 -3752 -1829
-6016 -3486 3947
-5739 480 6869
-5716 -943 8161
-7006 -1706 5047
-9829 1104 4485
-6611 -4834 6830
-6423 1243 4143
-7946 -3448 7957
-8060 -7191 6566
-8289 864 2273
-7355 -238 2120
-5714 -1411 -1241
-5954 -3179 9411
-8391 3847 4619
-6795 3773 6570
-9494 3594 6995
-9185 -6920 -5834
-7879 -3211 7111
-6742 3854 9357
-5810 -1867 6910
-9437 -6973 -2651
-8642 -2237 -1025
-5402 4813 9448
-7366 3634 8448
-6777 -5686 4191
-5159 -2536 9867
-8171 -4122 7900
-7006 -5933 -1125
-5344 2503 8096
-6827 -5223 -3819
-5666 -701 2978
-9270 -8427 818
-6190 -20 9424
-6220 351 8849
-6989 -5507 -5331
-9306 -2205 9736
-9491 -8252 -3342
-5388 2285 9519
-9547 -6562 3265
-8871 -5698 4904
-5795 -2001 -1417
-9583 -3327 -1498
-9308 2756 5688
-9525 2841 9097
-5998 -2920 7306
-6404 358 4135
-5971 -2289 -951
-9080 -4480 6090
-9104 2469 8160
-9845 3685 4408
-8691 -343 9769
-9650 -7032 -650
-5672 -3622 -293
-9462 3675 9155
-8547 -6407 685
-8251 -7325 334
-5025 -4879 -863
-6382 -2234 2354
-5441 2691 5790
-5795 -3646 5559
-8587 4746 9522
-6816 -315 5034
-6423 4717 4878
-9652 2778 7138
-8399 -591 9088
-5504 -841 3059
-9561 -8981 8535
-8361 -7309 -6307
-7125 -5191 -1130
-6373 -6072 3231
-6586 4866 9061
-9477 -3557 -422
-7062 -6835 -4675
-7122 -1101 4423
-5154 -2624 4327
-6645 4368 7539
-5369 3909 5221
-5892 -5102 4318
-9288 -8737 -5936
-7053 -2040 2865
-5350 -27 6441
-5322 -541 9254
-9655 -5105 -2430
-5811 -1581 -1481
-8324 -4394 7355
-7239 -6387 2400
-5994 -3019 -1561
-6260 2729 3334
-9043 298 2626
-5143 -3064 -1016
-7807 -1004 2130
-7761 -6668 -2156
-5976 -1618 8271
-8468 4542 5998
-7246 -1954 3183
-5945 3512 6333
-8980 -2368 5022
-5583 -4286 5558
-7702 -4674 -1695
-7156 -1008 -220
-8164 -8036 2562
-9887 -7966 5090
-7948 -8 4425
-6988 1263 5444
-9511 -8008 9676
-8722 2915 6602
-7099 -600 4103
-7395 4740 6279
-5978 -4370 9679
-5174 -3997 -1035
-6418 2699 5222
-6756 890 6572
-5076 2212 2334
-8373 -2626 3043
-7968 -3388 5524
-5674 -1675 4049
-6832 -5327 -5177
-6483 4944 9218
-9336 -490 7946
-5210 -4372 -3174
-8677 228 6786
-9409 -9340 -1601
-5158 545 9981
-5777 -3954 9989
-6512 -2101 1039
-7910 -6730 2469
-7605 -6086 6176
-8932 -4335 3629
-5901 -1062 2919
-7058 4468 9098
-8278 1992 4919
-8243 -3099 7432
-6592 -6374 1355
-7401 -999 -495
-5249 2032 6684
-9043 2233 4700
-9654 4092 7604
-5272 -5067 2311
-9408 -6784 -1861
-8895 4513 7692
-6682 -3196 -1028
-9258 3472 9582
-6008 1192 4409
-5878 -5354 -1773
-7601 -6946 8008
-5065 3085 8651
-6256 -2521 5943
-9122 4964 8936
-6957 4705 6686
-8932 -5484 -3519
-7446 -6474 -1425
-6029 -2066 7476
-8178 3544 8643
-9684 2144 5758
-9436 -1712 -657
-8443 -398 9559
-5514 -4388 6406
-8494 -7296 478
-7557 4594 8388
-8206 3819 3920
-9297 -5287 9326
-5295 -3016 1415
-8511 -6532 3531
-9365 -6632 -2905
-9944 -8287 -7653
-7074 -3270 -3057
-6848 -4203 3665
-8164 -3567 520
-9474 -8422 -7083
-7963 -7155 -195
-5010 -1614 -513
-6761 -5533 5879
-8192 1523 4749
-7072 -6635 2257
-5148 -4388 -3917
-9218 -6968 6507
-6645 1575 2859
-7835 -2501 4831
-5805 -3539 3031
-7297 2029 6367
-7474 3923 7040
-6937 -2450 4480
-8170 -8003 -5957
-5060 4913 8982
-6191 -605 82
-7848 -3064 7886
-8482 -1942 2788
-5622 1059 5710
-8550 -6823 8854
-8028 4475 5651
-5062 3320 6797
-9311 -6125 2995
-8704 472 4121
-6504 -3867 -1033
-7683 133 6802
-9531 2525 3547
-6004 108 8792
-6525 3932 9153
-6779 2250 4241
-6748 4824 5887
-5355 2558 6589
-5523 1548 4120
-6119 1826 2305
-7872 1163 5469
-6469 3583 7490
-7000 452 1922
-8205 -2078 9476
-9762 -6624 -4943
-7561 -6665 -1670
-9964 21 929
-7729 -3329 -2026
-5376 -3827 4050
-6247 -3978 5727
-8378 -977 4853
-7797 1493 9230
-5761 -4272 -4083
-9070 -1404 5588
-5550 -3975 -1210
-9960 20 9092
-8443 3805 7560
-6973 -5973 -5083
-5473 -4127 9213
-7593 -3505 8739
-9903 -6027 2099
-6363 -5054 7635
-5500 -4596 -622
-8736 4124 5891
-7317 2674 2751
-6645 -1284 753
-5591 3794 7810
-9121 -8702 -3642
-6542 -1140 6374
-7546 4866 9773
-5824 -1628 -463
-8616 -4079 4595
-9837 1310 3992
-6560 -2319 3759
-9651 2740 5368
-5755 -5687 7131
-7604 -7203 -2948
-6173 1637 5715
-6733 -4722 -884
-6266 4413 9575
-9263 -5974 -1920
-6389 -5439 1635
-9520 -9289 2364
-7127 -3295 4592
-6465 -5580 8837
-7031 -6103 -5331
-8045 3253 3498
-6894 4006 7832
-9298 4924 6356
-8990 4646 8965
-7012 -213 -48
-8828 -3813 -1822
-7517 -1631 6944
-8377 -1768 1037
-9100 -1733 7303
-7207 -4986 -1367
-9258 4231 4300
-9522 -1838 1901
-5265 -4535 6727
-6393 1479 2206
-5240 -173 974
-9534 -7809 -4437
-8738 -8035 1128
-7669 -2171 9643
-9831 -8608 -8027
-5993 -2013 411
-9016 300 1919
-7349 -6866 -1974
-7720 -397 4631
-9936 3162 7788
-9797 -8393 -2810
-9945 -7905 -5273
-8893 -5516 -1699
-6795 3444 4850
-8849 279 3093
-8168 -3057 -1994
-5927 -4260 -2414
-5761 -2027 3151
-5893 -3934 -923
-7668 -7561 -696
-6842 -6273 -5707
-7522 -2700 -980
-8284 -4940 -3114
-8656 -2540 6958
-9034 -8964 -6149
-5786 -5525 6781
-5494 695 7932
-7921 -829 175
-7619 139 2109
-9771 -6259 -502
-8764 4489 8372
-5093 -823 8038
-9883 -671 2481
-5904 -1922 2494
-7746 -7534 -3891
-7110 -2315 9220
-7456 1592 3153
-8617 -53 8354
-6847 -3968 -3259
-8749 1484 4447
-7199 3857 5002
-5706 3948 5829
-8348 -2607 -1940
-5958 3061 5362
-9931 -1660 -871
-9914 4194 5423
-9311 104 6905
-6904 4643 7429
-7241 2766 8728
-9812 4107 5141
-7726 -2284 3974
-6026 1361 8591
-7692 702 8983
-6808 -798 5441
-8851 -4283 -3139
-7013 1354 5165
-5054 -2984 5925
-9567 -4081 -3538
-8180 377 6930
-7132 -691 -141
-9768 2030 4305
-7153 4664 4806
-8223 2121 3002
-5691 1762 9542
-7390 -2166 3905
-6711 1672 9238
-7166 1272 6117
-5595 -2369 7199
-7414 -5966 5240
-9600 3734 9643
-6048 24 4441
-7457 -6516 -6465
-6313 -1562 1500
-8044 -3429 2253
-7954 3944 7858
-9090 -5939 -4369
-9304 604 2970
-9513 -2031 114
-7769 2002 2352
-8295 -1051 5240
-6152 3934 5624
-8673 -4684 9050
-5248 4600 8745
-7768 -854 1021
-5800 -840 1831
-9641 -7127 -3427
-7729 382 1427
-8971 4415 5581
-9984 -6147 300
-5096 -691 7075
-8724 1169 8853
-5921 -2445 943
-9961 2904 9793
-8908 -8602 2331
-8002 -479 -417
-7637 -6192 -2566
-9563 -3476 9297
-5876 -4819 -4663
-8320 -1101 2378
-6603 -4885 5935
-6833 -330 3951
-8821 1163 6527
-8979 -4393 1592
-7722 -5373 -4748
-6910 -3353 -1574
-8141 4787 9101
-8416 1153 8109
-6715 -4504 5981
-5742 -2771 -269
-6841 471 4646
-7775 -739 6667
-6813 1903 4092
-8284 -5850 -1143
-9000 -8280 9411
-8236 -79 9721
-9590 4602 6261
-7542 -5493 7539
-9596 -6072 9933
-8388 -2128 -1264
-9649 -7541 8894
-8649 -3713 5756
-9380 -836 3754
-9000 -3856 -1317
-5192 -1420 -982
-7557 -662 1562
-8595 4322 7827
-9149 927 7205
-9889 -3332 -508
-8616 -3895 -3881
-5022 -3895 546
-6671 -1037 3230
-6744 4306 5357
-9643 -8407 -6281
-5784 982 9999
-5225 -3333 4873
-7233 4946 8376
-6253 634 2242
-9357 -9188 8500
-6444 -5963 3254
-6034 -3372 -1539
-5931 1310 7165
-9465 -7121 5080
-7873 -5482 245
-9834 1895 1900
-6908 -2907 8301
-6847 929 4162
-9536 -8731 2732
-8011 -4963 822
-8861 -7493 9910
-5497 -335 2639
-8222 -7118 7946
-5377 4078 7405
-7985 3192 8944
-9363 -9253 506
-6720 -6006 -2053
-8977 3298 8723
-7645 -7173 -5426
-5022 -1845 -693
-6633 3370 9415
-7080 817 989
-6109 4856 5219
-7405 -6393 2612
-7451 -4147 2910
-5753 606 9453
-6034 833 2755
-9705 -5591 8585
-5520 1609 9337
-5420 -3158 1205
-6488 -6057 -1940
