210
-6416 1740 4471
-9068 -1761 8098
-8032 -3048 -870
-8412 -1295 3906
-8280 -4145 -2424
-8825 1084 8536
-7849 4485 6563
-8764 947 3688
-7824 -3829 -1018
-8742 1350 1372
-7739 3343 4146
-8925 -3279 419
-6240 3009 7184
-8074 -3043 2720
-6701 -2424 -2421
-8483 1647 8602
-8987 -8092 -1080
-8467 -6248 -1394
-8338 277 9516
-7781 -5491 5656
-6612 -5653 1052
-9077 -8028 -1640
-8624 2847 9444
-8579 -6578 -4372
-7559 829 4391
-6463 216 9796
-7496 -6972 4132
-7838 -6539 -1966
-6623 4424 7642
-8614 -3856 2685
-6348 3557 6038
-7419 3036 9146
-6930 -3368 9607
-9637 -7403 -1765
-8436 4330 6688
-8094 -5295 1313
-7573 492 7660
-6267 926 2493
-6037 2468 9887
-6214 -76 4143
-8632 2837 5757
-9836 -724 8438
-9615 -2377 3904
-8212 -4741 2152
-7849 -3450 1857
-9259 -8389 5429
-8964 2194 2543
-5027 -4035 -3218
-8097 4491 9560
-6092 1764 3817
-7232 113 4869
-9494 -2683 9170
-6432 -382 7793
-9252 -6453 7253
-9309 1819 9149
-8701 1356 6376
-9936 1018 3325
-8853 -380 5961
-9483 -5915 5899
-6750 1838 8093
-8252 -6192 -3636
-6228 388 4809
-5946 -1376 4646
-5835 4520 7605
-5510 334 5113
-5105 -1179 5106
-5870 4205 4208
-9464 -1529 -516
-5665 -1714 1381
-7097 -917 4742
-8205 4393 8619
-8129 -5449 2201
-8317 -6818 7450
-5477 -5373 9708
-9963 -488 6910
-7085 921 4388
-9459 -9032 106
-7457 3922 4825
-5009 4708 8917
-5094 -1179 7798
-5605 2491 8856
-9573 -5837 -4895
-9361 4340 8418
-9772 -9758 8152
-7135 -1926 7847
-8707 -8074 -1914
-7442 1372 1496
-8508 88 6831
-7266 -693 8793
-7645 1116 4875
-5258 -4687 -4579
-7180 -6466 3354
-9645 -9196 360
-8307 1052 8978
-5224 2966 9694
-8403 -1258 6405
-9251 -8231 -835
-8808 3193 8643
-5374 -1999 -1736
-8251 4521 7132
-5332 -4064 -3833
-5851 1805 7834
-8864 -5972 2006
-9327 -4971 3535
-6421 -264 1138
-6220 -3121 7342
-6935 -5704 -2561
-7346 -2038 -1141
-5702 4598 9762
-9052 -8703 3994
-6867 -5389 -3374
-6973 3802 5072
-8390 -8227 1202
-5403 -5186 -2321
-5875 -3770 -1715
-7446 -888 2018
-5632 -1282 7814
-8329 -1282 5876
-7997 -6263 3553
-7418 2271 5975
-9187 -6856 313
-7932 4868 9334
-9397 -8431 1757
-8185 -5870 -1787
-9259 -8922 5426
-6741 324 6629
-5831 4461 9531
-5556 2734 5038
-7050 -323 263
-7096 4642 5115
-8676 -50 8704
-9159 775 2016
-9230 2010 8330
-6999 -696 7777
-8990 -3407 8312
-7750 -4766 6771
-5448 3652 5587
-6166 -1884 1296
-7067 -6107 -5702
-8074 2236 8145
-6626 -2909 4753
-7061 1162 7957
-9106 -672 8989
-8240 -3839 6143
-9061 -7858 -1742
-8096 427 4645
-9615 -7192 6463
-8094 -5348 5804
-7556 -1498 6777
-6174 -6143 6826
-7328 4340 5502
-6365 -4142 522
-9907 -1814 3836
-7828 -5351 9093
-5933 913 994
-8333 -391 608
-5966 -5768 -2895
-8975 1962 9333
-8024 -2344 -1073
-5316 4084 8373
-5763 3709 5437
-7644 -3643 -978
-9729 -7433 -7074
-8636 -3396 3554
-7126 -3060 2584
-7183 1368 8930
-9239 4494 9454
-5631 -4967 -2458
-9704 -9102 4838
-5206 -2516 8705
-9655 -9168 6974
-9020 -4554 -1054
-8854 3608 7044
-7203 -4306 2444
-9902 4912 5049
-9599 -8514 2824
-9257 -9158 -1952
-7948 -5752 8146
-9574 -8242 -5267
-9035 -8618 9552
-5114 -148 5838
-9699 -758 5368
-8786 -2027 8112
-7182 396 4027
-6059 474 4665
-6764 871 8216
-8352 3359 6141
-9096 -6176 2326
-7446 -651 1781
-7931 3169 8001
-9594 2424 8741
-8299 2473 6272
-6813 -5066 -4888
-8905 2123 3767
-8636 191 2267
-9338 1897 7188
-6437 -641 129
-9675 3299 8435
-9500 1724 2203
-8866 -1378 1416
-9755 -6847 9632
-6777 3753 7826
-9612 -2959 -1708
-9450 -4293 -2344
-9963 -970 8593
-9599 -3059 5986
-7200 3017 8626
-9346 -6326 6103
-9652 -7575 7575
-6574 3094 6991
