197
-9346 -8966 1578
-6582 1316 2104
-6580 -4025 8424
-5544 -140 7484
-7537 -5528 7421
-5745 -2098 4060
-8615 -1174 9406
-6068 1563 6656
-5422 -2617 5390
-5169 3750 8657
-5599 2166 4971
-5197 -3881 -2469
-8087 -2567 9385
-7306 2881 5529
-9936 -5594 8692
-8869 -4939 -2663
-6714 -786 3550
-9485 -7598 2408
-5566 -208 2111
-7293 4442 8947
-5660 -5184 -3725
-9245 -5601 9670
-8199 -5658 1349
-8336 1475 2051
-9853 -231 2474
-6047 -5747 9404
-5260 2401 3804
-9946 2006 5477
-8728 -3684 6497
-5564 -3184 2941
-6717 148 9460
-8311 2758 4721
-8611 -2476 1775
-8263 666 2793
-5135 -1817 6917
-9005 -4424 -568
-7083 -103 7748
-5895 185 4999
-5662 235 1678
-6473 4796 7242
-8901 -6827 -2871
-5818 4872 4952
-7515 -2347 -29
-7681 -2392 304
-8725 -3477 -2923
-9015 248 4986
-8293 -7521 -6604
-5109 -3180 2219
-5839 920 7306
-8489 3090 6016
-5456 -729 2691
-8382 -5380 -636
-8174 1397 8157
-7588 -4135 2174
-5758 -698 4641
-6867 -6390 448
-8320 -6081 8754
-6801 -6248 8892
-8583 -3705 -3271
-7455 -5503 8418
-5703 -3215 9584
-5184 569 1547
-7362 -3019 2021
-7867 -3021 7312
-7894 4954 6404
-9345 -1340 4460
-9393 -4216 7907
-5524 -4386 3740
-5759 -1013 8911
-8986 3065 5916
-5575 -1969 2888
-6420 -1585 -244
-9607 -9469 3589
-8551 -4180 1813
-6969 -3216 6098
-5113 3393 5791
-9167 -9021 5057
-5764 760 1299
-5781 -4098 -3356
-6255 3076 6952
-5993 -812 3733
-5883 -1993 7878
-6693 -6667 -4478
-9485 -6139 7658
-7823 2667 8844
-8085 252 2050
-9258 -5169 3057
-8113 687 3901
-7491 -5344 -4811
-5578 -681 1379
-5865 -5770 419
-9307 -4830 9130
-6918 -1821 1854
-7096 1999 3267
-9735 -6565 -4134
-8716 -4462 -2654
-5474 776 8461
-6653 -167 3442
-5756 -4414 3885
-7677 -4430 61
-5998 -64 2229
-8307 -837 3811
-5944 -4600 6008
-6398 -1333 6540
-8941 -753 302
-7287 738 8590
-5641 -4990 6829
-9212 -2247 -1074
-9061 -4908 -4441
-7881 -7583 7010
-5528 -3680 7592
-5185 538 4703
-7121 -3413 8820
-8107 3743 7508
-8358 -1705 -1204
-9657 -2944 -1019
-7966 2850 9312
-9601 -9131 1176
-8859 -5070 -3158
-5001 -4062 6826
-9581 -1419 8437
-7299 -2592 1532
-7313 -5856 4726
-6160 -3865 958
-8262 -6750 1358
-9125 -5535 4748
-9218 2029 9898
-7561 -747 -455
-6263 -336 4991
-7314 -4026 1803
-6518 1239 6621
-9303 2056 9738
-8783 297 3099
-8299 -3226 1966
-8339 -3131 6871
-9543 -7494 -1182
-9934 -3731 263
-9555 -6721 -2882
-7802 -5959 7893
-8499 -7065 -6157
-9376 -478 4607
-7919 -6325 -1583
-7942 -7801 -7283
-6891 -2138 4712
-6870 -670 7005
-7975 4677 7016
-9892 -7290 -5107
-5291 4614 7459
-9443 -8779 4591
-7687 -6304 6615
-9233 2547 6666
-8108 4554 9896
-6207 -2835 7109
-8795 -7979 -2375
-6262 -2385 -387
-9395 -8388 3480
-7478 -2966 1327
-8549 -2911 6854
-6244 -3885 -1372
-7684 -3561 7763
-5110 -4032 -2467
-9832 -9790 -7805
-6032 2753 4469
-6043 -166 4079
-7579 -1817 -1674
-5089 -3119 1688
-7766 -2549 -600
-8334 -5441 2338
-8858 -5643 2448
-7649 -1796 6488
-9782 -7866 8174
-7222 3162 4763
-6328 2489 8552
-9581 -9190 -8321
-7407 328 2693
-9015 1155 4173
-9520 -3599 6314
-6377 -3523 5049
-8325 -7965 6103
-7971 -6789 -5690
-9415 -5462 -3651
-6815 -3993 -3579
-9028 -4788 3241
-7354 -451 5614
-9456 -7042 5430
-6666 1527 5466
-5874 1369 6448
-8895 -1887 -1524
-5326 -1428 9044
-8266 -8110 -691
-8614 4628 5131
-8314 3562 5284
-8494 -1031 4077
-9175 2285 8630
-6779 -5696 8364
-5961 -666 9654
-7705 -7669 4491
