435
-9613 -5336 -1648
-6387 -4777 6787
-8624 -6510 4436
-9619 -7454 -4613
-9905 4498 9659
-6844 -4720 6621
-8903 -1773 4005
-9783 -8196 -4758
-9707 -842 7413
-7887 316 9010
-7955 2633 6382
-9000 4131 4793
-8033 -1113 1190
-9666 -8958 7730
-8861 -4020 -114
-9124 -8269 -7485
-6826 4134 5500
-5294 2420 4346
-9941 -6622 -5755
-7419 3345 5567
-5118 -2309 5793
-6534 -2163 7036
-8648 -7353 -2935
-5283 4797 7361
-6547 1719 8218
-8571 -3460 2129
-5114 -1877 4756
-9110 2170 3693
-8263 -7484 6456
-7524 -5527 -508
-6218 -4548 5188
-5596 743 2744
-9704 -4728 -3967
-8904 -1261 4130
-9352 -1115 8935
-8577 1838 9367
-7573 -4215 -4182
-7522 -4130 -2848
-6920 -3730 9242
-7558 -2096 7097
-8355 -2476 4521
-7344 -5621 -5260
-6643 -5344 2635
-7169 -868 9951
-9536 2475 2817
-7491 -5568 -4330
-5058 -1349 4090
-7163 -4158 8101
-8264 -5846 1958
-7981 -5678 5928
-9530 4070 8180
-9347 2308 3787
-8528 3664 4210
-9541 -9517 -6557
-6446 -3614 5810
-5695 1269 9314
-8902 -261 4195
-7322 730 4480
-9216 276 1097
-6077 2886 4077
-9237 2677 4079
-5002 -3874 3470
-5701 1666 6157
-9884 913 6476
-6049 -624 1413
-7578 -3421 23
-6748 3341 8906
-6742 4007 6552
-6671 3574 3671
-8003 -5986 5963
-6053 1011 1280
-8273 -4992 -853
-8067 -755 8425
-8383 3385 7049
-7697 -7300 -1339
-8889 -7427 -3304
-6463 -3757 7368
-6952 -5581 843
-6302 -1120 7409
-7638 -5424 6581
-5302 -916 3965
-5284 3854 5794
-7830 -1452 2794
-7941 -2060 807
-6684 -2577 6656
-5553 1451 8072
-7437 -3703 -3591
-7778 -312 9449
-8708 -6542 -3216
-9876 -8570 3283
-5311 2364 7384
-7680 -3375 -759
-8887 -7806 -2931
-7169 3483 3484
-7476 325 6771
-5901 3907 4873
-5520 4885 6573
-7329 -2080 1987
-8627 -4924 4708
-9616 -6362 1628
-8336 1406 7591
-5941 -1082 2257
-9351 -5964 -2869
-9918 -6130 8712
-7986 -6484 -5845
-6102 -1448 -1275
-8365 1651 2775
-9032 2295 9741
-6318 -2965 -137
-6361 468 2521
-5864 2347 5578
-5086 -4031 -3539
-7551 -1747 4254
-6741 -3829 6063
-7571 63 4409
-9025 -8714 -4600
-6115 1561 5539
-7804 -29 3574
-8309 -348 229
-7499 -4918 8996
-8694 -5509 8632
-5098 -3029 5168
-6945 3231 9843
-5582 -2024 5691
-9262 -4146 5148
-7599 -7422 -357
-8765 -5037 -1137
-8702 352 2751
-7692 -5120 2484
-5613 -2137 6576
-6471 -3166 226
-7807 -2351 8738
-7255 -5090 -4261
-7378 -6599 1826
-8838 -1346 9855
-8670 -3809 2020
-9425 -7079 -4619
-6972 -5143 1890
-5183 1894 2184
-7664 -2488 3973
-9086 -2200 3148
-9023 -1609 5000
-5458 4734 5339
-6155 1247 8016
-6784 -6519 488
-9959 -2170 2911
-5144 -3931 5209
-9151 -3558 -57
-9133 -5586 -3950
-6213 -111 8346
-9189 3137 6442
-5171 -1866 -43
-9291 -3760 637
-8226 -5310 704
-9181 -6278 9689
-6553 -4122 2674
-9353 -3755 9815
-6558 -81 6706
-9073 -6209 7949
-6528 2311 8201
-6541 -3314 -2057
-9655 -2913 3504
-8278 3065 7263
-9349 -5838 6792
-5597 3598 5393
-6113 -5363 -3437
-8282 -1840 98
-7280 -4628 -294
-8630 1349 5293
-9465 -1348 6397
-5046 -2411 3387
-9415 2920 7267
-9375 -1678 1458
-9393 4886 7464
-6843 -2676 9952
-9604 -6115 6025
-9179 -2706 8539
-8386 4233 8148
-6228 -3284 -644
-8902 -8454 -3046
-8832 4543 4949
-5156 -3472 -474
-6951 -4571 -1845
-9290 -7361 7713
-9796 -2094 1052
-9806 -5957 1218
-8515 -5575 -1826
-7551 -6643 -5463
-7777 -6693 9281
-5461 -2259 -1242
-6344 2891 9184
-9731 -44 7682
-5444 4611 8520
-8590 1461 8796
-7946 4370 6897
-6840 -3205 -1444
-7385 -2890 2769
-9867 -8352 -3598
-5428 -842 614
-9453 315 2442
-8484 1646 6951
-8430 -7719 2680
-7980 2806 2875
-9109 -6378 3345
-8735 -5138 3330
-9151 -4305 4327
-7450 -385 1715
-9610 -8942 -4441
-5312 -4353 -3905
-5239 -4116 3547
-7937 -2650 2271
-7359 999 9515
-6863 4697 5466
-7929 -6470 1287
-7977 -4324 -2800
-7695 -6124 -5495
-6672 -549 3643
-8453 -3861 -425
-7963 -7183 -4686
-9568 312 5991
-5629 -1101 8092
-8484 -4730 2175
-8034 -4832 -4612
-8006 -7532 -1442
-7712 -3468 -3437
-8554 -7408 -3545
-6961 -2418 -2388
-5841 -4363 9598
-6891 1959 7665
-7510 -6311 1580
-9226 -1635 -336
-9933 4648 9523
-9569 4567 4897
-6249 -3026 2091
-8832 -4381 -2092
-6140 -4074 1846
-7809 2019 9303
-8897 -5382 -5108
-6457 -233 1499
-5229 -3327 5654
-8462 1076 6675
-7876 -6478 7161
-6133 -497 2467
-7098 4507 5186
-7887 -4405 -3799
-7821 2770 9851
-6557 -2262 3011
-8643 -2970 1805
-9087 1481 4068
-8087 -7259 -443
-6972 -5293 7892
-7094 -5670 3736
-5325 -3852 -3488
-8188 -3700 962
-5039 4102 4135
-9770 4398 7621
-6058 -1533 3458
-6523 -1224 -1022
-9941 2480 4245
-6479 -4882 -1132
-6940 -6858 -6549
-8444 -1233 4196
-5372 3658 6287
-7183 -2809 1807
-9101 2788 6426
-8380 -6309 -6045
-5577 3746 7932
-5626 -3750 -3645
-8555 -3578 8941
-9224 4893 5396
-9782 -687 2018
-7628 2954 4473
-8541 -2568 135
-5659 3729 8850
-8113 -2225 -145
-9726 -9226 -6647
-5122 -3169 7332
-6503 -5401 7520
-9257 2555 6788
-9734 448 7624
-7842 -7073 5639
-5701 4981 5136
-9280 -7186 -1450
-8646 -1704 4677
-7298 3276 5128
-9891 -3129 8616
-7767 -5163 3298
-9479 3073 6105
-7593 -2221 8481
-5313 -2574 7012
-5788 4335 9477
-9075 526 2459
-8907 -7682 -1741
-7683 -2826 -2821
-8540 -5568 6603
-9013 -7670 5179
-6465 -818 8990
-8886 -2851 3631
-8249 -7699 3080
-8952 2136 5267
-5413 -2702 -460
-9106 1998 5931
-6786 458 5531
-8392 -5811 861
-5398 -4252 6030
-9323 -848 4426
-5998 -474 8187
-7580 1188 5565
-5336 501 5769
-8407 -3032 -902
-6623 2147 8279
-8984 -1118 1173
-5905 -3070 -98
-6893 -4864 3202
-9517 -1576 7460
-8475 -3153 1416
-8299 4904 9518
-7299 356 9423
-7834 1441 5144
-9773 -2187 6315
-9901 -1012 44
-8045 2526 9722
-9839 -9104 2941
-5749 -381 2965
-6649 -4331 -1206
-8006 2912 7756
-9609 -6272 -3308
-5341 -4017 -1616
-8212 -8100 2000
-9367 2676 7258
-5542 4362 7251
-5997 -2708 1807
-9143 3833 9777
-5281 -4646 6202
-8574 2751 8191
-5681 -617 3776
-5512 -1762 9335
-9372 -5750 -4758
-9498 3382 5678
-9796 -916 5775
-6080 -4045 -2968
-6349 -238 978
-7637 1017 7578
-8752 451 7600
-8411 461 7708
-7033 1200 2072
-7141 -778 1184
-9860 -7551 -1080
-8097 -2405 325
-6339 2643 6509
-5832 -3423 5623
-5939 822 8523
-6663 -1125 5973
-8142 4728 5264
-8950 958 4969
-7117 -4549 6800
-6413 93 4965
-6106 -4523 9561
-6203 -1565 3910
-7039 2772 7972
-8062 4289 6638
-9495 -375 1152
-8210 -7733 -378
-5675 -5065 7680
-6290 2813 5569
-7868 1570 5705
-7992 133 9032
-6375 -3275 3986
-5836 4348 8750
-9919 -135 5154
-8686 -5575 8954
-6237 -935 2334
-5154 1294 5874
-5369 -1356 4886
-8028 -1901 -676
-7351 -2588 2660
-7664 -278 724
-7328 -739 8987
-9198 -5406 -4808
-9576 -266 6317
-5012 -2645 -1912
-9627 -321 4855
-6328 3758 9262
-9842 -504 -295
-6495 -2625 1345
-7636 -1703 3291
-8642 -1409 5732
-7290 -4249 -352
-8624 -7692 -4506
-9832 2914 4255
-9922 1663 4756
-6020 -197 4348
-9672 -8371 4281
-7015 -3387 6420
-7363 -7038 -1042
-7623 -4651 7177
-9182 -7602 -5916
-9212 3958 6205
-6329 -3686 4445
-8393 -5559 7150
-9417 -6963 5989
-8146 -2571 1011
-8994 -5811 6560
-5264 2082 3409
-9983 1152 7097
-7732 -18 7822
-8036 -1537 5154
-9668 3252 6971
-8137 -7824 -4764
-7594 -2012 -1166
-8634 -4244 -3919
-7895 3833 9594
-7610 4123 6810
-9235 3821 5312
-7868 -3154 9122
-8761 3106 7955
-7948 -7805 -7271
-8863 -1670 3501
-7025 -1055 6525
-9413 4274 9416
-6097 -1925 -798
-7561 255 5850
-6341 -1534 5557
-7916 -4177 9535
-7794 -7650 -1353
-7742 1474 3367
-9474 -6068 7631
-8284 -3531 1757
-5930 4145 7358
-8343 -6935 -5578
-7153 -1234 583
-5608 4802 7561
-9239 -1389 179
-8775 -6435 9573
-8446 -6571 4593
