363
-9609 -3753 6313
-6229 2674 6266
-7183 -4585 -2325
-9615 -5097 7103
-7728 -6164 6741
-8828 -995 6591
-5277 4502 5791
-5838 4883 7993
-5479 3582 4498
-8522 -3260 4558
-7856 121 7396
-7973 -3096 6512
-8731 -5405 5218
-7297 -5153 -1999
-5217 -634 3833
-6659 1081 7039
-9603 1700 5340
-8399 -3623 -527
-5755 4412 5406
-5324 3588 5832
-7956 -1343 5471
-8566 -4141 2529
-5189 2355 5980
-7878 -5009 -4840
-8065 1153 2496
-6136 -5621 94
-6057 -5259 -5220
-8458 3194 9313
-7701 502 6744
-9080 -7763 -5663
-9230 3817 4978
-5105 947 2221
-6892 -3721 48
-8312 -3635 2665
-7117 -1386 784
-6902 -4713 3108
-9237 -8073 4300
-9781 -410 9325
-8262 -4869 9730
-9101 3162 8826
-5248 1754 7182
-9084 -6861 1232
-5048 3035 9368
-5277 -3027 2706
-5431 2172 7480
-9162 1067 9755
-9315 -5254 -4709
-9490 -7597 -4756
-9006 -6349 389
-7237 1531 4312
-9822 1920 9911
-6688 -5607 1856
-6867 -712 -650
-7526 -5501 1523
-7352 -1560 3368
-7385 4220 4755
-5756 1962 5224
-5970 1597 7478
-7192 -3483 -412
-8492 2468 6567
-7971 4443 4671
-5148 -1835 4546
-8443 -5106 -2816
-5370 -3802 -1900
-6250 -5143 -632
-8356 2881 5638
-8832 773 4642
-5889 -644 3861
-5479 429 5395
-8885 1814 2722
-9021 -7496 3163
-9166 -5314 6386
-6222 2646 4938
-8400 -6229 -1553
-5536 -3584 2938
-7804 1281 7518
-6905 4311 6077
-6067 -5730 -1161
-6406 -75 2135
-5494 -2498 -1890
-6873 -2048 9471
-7777 998 5126
-5772 1574 5166
-7286 -4219 152
-6441 -2675 2483
-8991 -7340 5952
-5398 4003 6476
-8314 -4590 3179
-5191 -2487 1316
-6995 -1751 2356
-5146 1943 8509
-9194 -3874 6726
-7915 -4264 7510
-5084 4987 9584
-5076 -3076 1149
-9659 -4263 -2975
-5627 -3405 -1247
-8945 -7417 -4340
-7937 -923 1214
-7410 2755 3110
-8116 -4200 2724
-8202 -4172 8384
-8275 -525 2962
-5985 -4262 632
-8377 -2414 -628
-9103 -6645 -4054
-9968 -8523 4838
-5403 -5003 3006
-7641 -2910 9257
-8908 -1208 5506
-8576 -5908 7126
-8582 -482 1540
-5634 -1817 1354
-6425 1552 6211
-6946 -3246 5409
-5868 -5042 -3073
-8256 -4257 3886
-9810 -8701 8668
-8206 -7217 837
-8961 -8599 415
-7756 -5546 8017
-7050 -6976 2772
-6385 -1213 9065
-9179 4597 8500
-5548 4898 5935
-9880 -512 3205
-8531 -187 9214
-7148 -3429 411
-9711 -2213 1032
-5310 195 5839
-7743 -4535 -1591
-5904 2541 5321
-5870 -1476 5698
-6061 3077 5726
-8064 -3699 7541
-6735 -2058 4874
-5665 -5139 7382
-9777 -7128 826
-8390 755 3470
-5456 174 7388
-5255 2849 5183
-6540 -1933 5844
-9236 -7439 6517
-7123 2449 5825
-9467 -9341 -7219
-7238 3350 7329
-8858 4321 9089
-9260 726 6795
-9246 -7367 -4077
-5327 -2330 5748
-5441 -3579 5486
-9847 -7805 3566
-9969 240 6007
-6625 -4225 3433
-5074 4149 7958
-7367 3741 9920
-5320 -1349 4118
-9023 3353 9608
-8453 248 8760
-7630 -7080 -5044
-7166 -652 7250
-5332 2315 7451
-6499 -3266 6758
-7811 1743 9326
-5587 -4199 6343
-9821 -6996 -364
-6211 -1720 6892
-7510 -2174 5552
-6550 -1197 1380
-7814 3642 9506
-8557 -6625 -4823
-6189 -3197 -2925
-9954 -4436 7007
-6853 4018 4764
-9807 -7045 -4370
-8403 4936 7016
-9290 1077 3899
-9151 -5761 3462
-6419 -587 2233
-9588 1654 4698
-5637 -5271 9131
-9381 -6964 -3024
-5854 389 1953
-8178 -2642 3964
-8936 4057 5623
-8853 -4457 9573
-7015 416 535
-9055 -3992 -58
-8734 -7208 -4203
-8266 -2593 3028
-8044 -1842 3426
-9191 3282 4842
-8400 -3149 3875
-6235 -1860 4843
-5780 -5519 2643
-5948 1032 6252
-6708 -5613 1902
-5339 -1708 712
-6324 -5637 -2183
-6632 761 977
-7936 1338 2341
-6557 2202 7354
-7082 1937 9503
-8897 -5648 -4911
-7308 -6950 4400
-5692 -1160 6972
-9732 -6320 2441
-7472 3344 9196
-9465 3901 6633
-8213 333 1648
-9478 -6095 7945
-7590 -6774 7399
-5083 -1852 5750
-9309 2926 9183
-7909 -2026 5385
-7852 -7494 3320
-9663 -1204 5965
-8985 -4789 9940
-7407 -2606 1589
-8769 -181 5577
-7653 3111 5522
-7393 301 5489
-8519 -6608 -3992
-7769 -5534 542
-9493 -5852 468
-5658 -3248 -1379
-8171 -2651 2427
-6201 -3256 -2761
-9034 -7353 1526
-6431 -4999 127
-5564 2907 2954
-8572 -4165 3050
-5703 2234 4324
-5927 -5103 1470
-8287 -2544 488
-5180 4916 8588
-7707 -3671 -1856
-6244 -4638 6024
-7536 -3886 -1924
-9992 -5119 -3781
-8862 -185 1799
-5888 -1474 1186
-9514 2985 6926
-8770 1097 3398
-9529 -7762 421
-7015 -2166 2141
-9695 113 6223
-9452 -4194 4010
-8903 4687 8447
-7147 -4183 -2635
-6923 1151 2492
-7415 -626 6807
-8767 2603 4900
-6915 -5254 2727
-5183 4019 8764
-9291 -5847 7546
-9341 63 5199
-8354 -5358 8914
-5118 -3273 832
-6996 -670 5301
-9955 -7322 -5419
-7017 963 3656
-9106 -547 5085
-7794 -6778 4163
-5242 541 4198
-9027 2425 9774
-8124 -8004 6612
-9710 -2978 -1365
-5209 -3565 -2648
-6883 -4889 524
-9765 -4969 -2401
-9389 3348 9214
-9794 -5993 908
-5751 1601 7520
-5712 1524 6905
-7238 -6169 9635
-6815 -5658 -4471
-6826 -3637 -417
-9012 -7405 -5023
-8019 -7267 47
-5153 2404 8715
-6116 -2025 3302
-7331 -5471 -4126
-8968 3636 7002
-7426 -1566 7702
-5841 -391 6227
-5820 -2914 8574
-6909 4273 6422
-6975 -560 9701
-9491 -6052 6468
-5240 -64 9322
-9828 192 6454
-7224 2460 7141
-5672 -243 2128
-5678 -3163 3671
-9915 -7972 -885
-5387 -3399 2683
-5539 1322 3446
-5248 -971 9736
-5232 3040 7192
-5388 -4758 2436
-7250 -1568 6320
-5979 -1861 7980
-8007 -2581 6941
-9085 -426 7199
-6259 223 8697
-6655 -2810 1582
-5179 -3408 -1182
-9605 -7391 -6671
-9871 -7426 -541
-7747 -678 -636
-8047 -4458 8446
-8115 -7488 -3608
-5780 2146 2447
-5869 3594 5471
-9940 -5770 -2311
-8271 3666 5892
-9979 -7918 9148
-7300 4757 6883
-7159 -5148 6004
-8709 1723 7954
-6349 -1242 6487
-9319 -7395 8362
-7569 -1296 2847
-6185 3922 9012
-8309 -2754 8347
-7562 -4460 927
-5541 2989 6078
-6713 -1191 9489
-8324 -6438 7387
-7179 3841 5468
-5328 -3392 8969
-5253 148 6270
-6553 2678 8950
-9825 -352 5480
-7108 -6846 9575
-7535 -1646 -776
-5748 4724 6842
-5328 1540 3490
-7314 -1965 3927
-5923 -4059 7682
-9078 -5629 -3445
-5804 3251 3337
-5722 1400 2673
-6470 -5283 2116
-6442 -5582 4181
-8643 4990 8816
-5451 -2453 4244
-9607 -4746 552
-5864 -4804 8689
-6745 -1894 1765
-6570 -2607 -198
-7061 440 6274
-8319 -6972 3057
-8075 1955 5881
-5091 2936 9537
-7542 -5694 -2903
-8799 -1689 1541
-5051 4975 7207
-6434 -5666 -4637
-6539 -5606 6457
-7361 -3030 8313
-9142 4803 5443
