580
-5462 930 8530
-5463 -1722 5135
-5622 1610 3023
-5509 -788 6263
-6491 -2353 3264
-8602 -7638 9393
-8241 -3666 5788
-6625 -1858 3405
-8829 -1569 -721
-8980 2390 7593
-7635 -3794 774
-6666 -3524 -2438
-8046 -1800 6729
-6062 -2768 6715
-6067 -5916 -1291
-6043 4094 6413
-7332 16 8778
-6047 -2752 5952
-6321 4636 4864
-5714 -3300 2283
-5608 -1854 912
-7542 -3971 648
-9560 -1374 4788
-9653 -663 3463
-7736 -3621 1789
-9573 -6679 8274
-6498 -1912 2272
-9776 501 7697
-6229 3433 4009
-9002 -695 3876
-6750 4542 9265
-5133 -3254 6159
-9964 -7615 2954
-9260 -1252 9437
-8314 -4739 5712
-5697 -4075 -1087
-9124 -7558 -5730
-8198 -7118 6863
-9737 -1575 447
-5984 3613 8067
-9821 4136 8182
-8742 -3043 9732
-9235 4772 9144
-9352 -8908 -6093
-8051 4683 8925
-5420 3698 8724
-7703 -1252 7219
-8133 366 8276
-8166 -2946 4635
-7866 -6970 3488
-7018 -123 8037
-6161 315 9281
-7802 -2294 1770
-8295 3761 8875
-8068 -4662 7250
-5440 -5309 680
-9820 -6591 7422
-6635 1742 3518
-9039 326 9861
-7829 -360 767
-8924 -485 3573
-9961 -3706 931
-8007 -4049 9894
-9272 -5842 -4847
-6779 -728 8053
-5367 -3628 211
-5384 -4375 -4231
-9052 -4466 -3942
-7721 -2491 3571
-8446 4823 8829
-5715 -5527 8856
-8050 4280 9960
-5624 3014 3185
-6609 -2371 6840
-6142 4208 9678
-5518 171 965
-8318 -4546 -1486
-5487 -1565 -573
-8734 -5784 1758
-7468 1634 6024
-8078 -6107 5212
-8712 -2753 1705
-9607 -4266 6780
-9122 -8393 622
-7235 1717 6895
-7720 -1907 1780
-9798 -6130 7103
-9618 -2920 1111
-5761 -979 8273
-6245 -1976 8576
-9146 -3970 -831
-8312 -3345 -1798
-8332 4308 7040
-5697 365 3199
-5887 -4000 -763
-8413 -1759 2785
-7558 -622 9792
-7081 664 4513
-9911 400 1774
-8950 -6906 -2157
-6513 4517 6955
-7961 -4710 3119
-9726 -6149 7676
-6047 810 8066
-7872 -3996 7434
-8988 -2903 -2320
-5812 2367 9294
-8166 3094 5844
-6622 1080 5134
-7935 -6085 -2230
-8418 -6339 -6128
-7377 -4483 2428
-6340 -783 1437
-7991 -4036 7962
-6345 -1364 4776
-7645 -4039 6918
-8956 3198 5801
-5967 2566 8493
-9597 1455 7166
-6045 -1178 4404
-8431 -3593 5103
-6236 4474 6473
-5997 -2549 1051
-7510 -7195 8443
-9430 4973 5413
-8035 -533 2602
-7328 1265 4064
-5132 -3505 7632
-6962 -5888 9140
-7152 1366 1616
-6718 4 5701
-8110 -4208 8492
-9669 -8793 182
-8431 -4624 -3997
-8452 -2735 -2338
-10000 -669 9006
-6213 -5557 9919
-6208 3838 4378
-6909 -3990 -2692
-6870 -3361 6732
-8444 4426 5003
-6972 -637 9270
-8065 -3471 -3112
-5219 -2908 782
-8009 -3115 -2122
-9569 -2892 -1190
-7392 2533 8254
-7428 2332 5652
-7948 -1935 -1712
-5726 -86 7325
-5443 -1011 4458
-9839 -3058 -1350
-9252 -8982 -5599
-9430 3488 9378
-7742 -5420 -1
-7130 -822 483
-9897 3233 6538
-9102 -1245 900
-6320 -4275 6258
-6036 -950 -133
-8209 4926 6085
-5558 109 9449
-7374 -1960 6980
-9669 1465 1752
-5220 531 5798
-6848 -6315 794
-8395 1051 7667
-7893 3230 6289
-6078 2555 3658
-5283 4176 7937
-9305 -8123 -5563
-9391 -3521 820
-8663 -4072 -4019
-7646 -5583 5062
-9885 -1185 607
-6315 -5934 4260
-7228 2804 6566
-6229 1069 4786
-7419 2999 7739
-8509 -5641 3819
-5828 687 1201
-8828 -6317 -3775
-7902 1315 6481
-7921 -1423 3312
-8203 -3039 2437
-8109 667 9414
-7047 2778 5444
-7682 -5748 72
-7350 2018 2172
-9634 -9237 -8297
-7752 -1325 6336
-8998 -6717 2458
-8067 206 9896
-8426 -7998 3677
-9656 1860 4872
-8874 -7802 -1792
-8902 4773 9700
-8277 2135 4259
-6421 1735 2844
-9510 4904 7999
-6987 -596 1673
-8223 -3135 7950
-5152 -4832 1585
-6136 1724 8200
-7096 -2702 -2232
-5846 -2586 7517
-6444 -4083 -883
-7785 -3733 581
-5622 3453 5814
-7979 -6095 -5835
-7844 -4832 6816
-9113 -5468 -14
-6915 -3655 8574
-6337 -2323 9914
-5136 -2506 -196
-9634 -6931 1169
-8273 2971 8909
-7936 1823 3231
-9478 -3316 5016
-6167 -6165 2511
-5500 -3053 -779
-5135 2775 6771
-6336 4886 7551
-9850 1271 6399
-6319 -2110 686
-6876 4677 8628
-5314 -4974 -1797
-8086 4576 9443
-8084 -5096 1800
-8621 1339 8136
-9752 -3115 2542
-7594 -7277 -5883
-5941 -1789 8791
-5955 -1312 6704
-7274 3309 9522
-6322 305 3076
-9654 -3306 2333
-7762 -2074 4777
-9599 -2919 -2770
-8013 2203 9032
-6134 2967 8082
-6515 4119 5640
-5754 3669 7060
-9040 -862 -649
-9930 3798 4698
-8461 -4200 2160
-7895 -4811 9739
-6660 -4938 1654
-6008 2313 4936
-7335 -4091 7173
-5116 1286 2886
-8392 -1529 -743
-8532 -6483 5931
-9717 -6240 8443
-7145 2896 8722
-6223 -335 7066
-6301 4420 5222
-8180 2104 6613
-5077 -4315 2540
-5617 4887 9983
-5605 2243 5998
-9087 -6080 -2158
-7670 379 2923
-8923 -6342 -5494
-6259 -723 8715
-5559 -1996 9516
-5238 2715 5471
-7885 -3395 -175
-5489 -454 1378
-9892 2561 5253
-9870 -9745 162
-8342 -4427 -1218
-5261 -3361 9161
-5221 -3096 -1286
-5517 3869 7665
-6273 -5746 -3003
-7992 -6419 -2387
-5177 728 2546
-7293 -6841 -5638
-6404 181 8130
-6504 -697 8660
-8650 972 1629
-8553 3890 7485
-7814 3916 8652
-7261 -4778 7574
-7797 3756 5358
-5609 -4949 9333
-9246 -4937 6053
-7134 -5407 5625
-6835 -5259 -3643
-9185 -415 7886
-8587 788 2079
-7634 -2191 4020
-6726 2679 6913
-5885 726 4856
-9302 4061 6333
-9278 -2509 4752
-9643 -600 9029
-7590 -2240 -1564
-5337 -551 5141
-8154 4074 5758
-9572 -3367 8834
-7601 3523 4022
-6917 1230 3473
-9746 4140 8335
-6938 -3095 7265
-7708 -3351 2521
-8141 -5268 8232
-6925 -5698 -1238
-5067 -4985 -2627
-7568 -5805 -4569
-7005 -1241 -744
-7872 4655 4952
-8145 -7702 2561
-5053 -5018 9418
-5537 -893 3930
-5208 2949 5610
-7398 4146 6716
-9753 479 3340
-6311 -3309 -374
-6489 -2260 2898
-6256 4277 9610
-5782 -3473 -2943
-9531 -842 8667
-8578 -5735 -3308
-6119 3949 8323
-6630 1711 4419
-5270 2581 3900
-7653 -2455 -1014
-9200 -5424 3907
-7385 2525 8393
-8605 -6805 -4508
-7296 -2424 5611
-9976 -9062 4323
-8496 3284 5163
-5377 -247 5469
-7653 -5004 8844
-8425 997 3661
-6345 3533 4857
-9619 3983 5831
-8650 862 2368
-7021 1792 5824
-7785 -6113 3975
-6165 1158 1203
-9008 2606 6270
-7077 2390 9465
-9392 -1007 1287
-7545 1347 7589
-9756 -7974 1793
-5775 -1841 8763
-7425 586 9146
-5537 -2066 5902
-5055 -3443 -2986
-9314 -1873 3065
-8060 3556 5799
-8634 3004 3140
-6710 -11 8976
-7691 3458 5011
-8570 -8124 4372
-9625 -6307 797
-9825 1792 9453
-7445 -668 -435
-5582 -465 6078
-9194 1813 5407
-6340 -3778 627
-6281 323 7373
-5851 -437 3131
-6628 1044 1825
-5599 -4369 -2405
-6434 -1101 2895
-5490 4402 6211
-5565 -3126 -2808
-8326 4167 6839
-7998 4807 8385
-7368 -3941 2582
-9549 -1949 2584
-5129 263 8243
-5620 822 7028
-9786 2871 7309
-6933 1357 7876
-8225 -5963 5835
-9867 -1121 -186
-5137 422 3920
-9613 -9484 -690
-9839 -4191 -1688
-6107 1947 5834
-7651 1336 8220
-8192 -6756 -2533
-5237 4431 5510
-7707 -1148 -181
-9119 -987 2674
-8664 -6122 -3664
-9481 479 9996
-6513 -3988 8307
-5422 -5390 448
-7327 4139 6204
-9269 1700 6452
-5576 -1305 540
-8322 -1137 6620
-7068 -2475 9336
-7680 2112 2904
-6101 264 9284
-7649 -1588 1359
-8481 596 7764
-7210 -1954 3831
-5262 3994 9842
-8334 4785 8083
-6853 -6613 2170
-7234 4537 6875
-7872 4506 8762
-8963 -7216 8258
-9446 3641 8009
-7872 -4421 -4130
-5839 -4166 -521
-6456 -676 1109
-8651 4811 4843
-5866 2953 6995
-5651 -2237 220
-7931 -5749 -838
-8148 -5716 9363
-7303 2990 5992
-9966 3243 8956
-7662 -3475 7344
-7714 -2255 -737
-7165 4468 6907
-5766 -5121 -2709
-9122 -6390 4248
-7037 4246 8282
-8308 -2319 4353
-6948 2763 6428
-9925 -9296 -1505
-6593 6 830
-7615 -652 6266
-7554 -6593 2889
-8764 -6016 7566
-7983 3955 4176
-7029 -4660 -77
-9686 -4287 2038
-8057 -5920 5135
-6268 -5708 6189
-6572 -5500 -2119
-8457 -4658 -3442
-5859 4859 7948
-8475 -7444 3271
-7584 3995 9971
-6236 3177 6760
-8080 -2931 1129
-5099 3467 8011
-8943 -7864 -1263
-5880 4428 7008
-5716 -1075 8014
-7791 -2418 -2406
-7685 -241 1841
-6340 3369 8092
-7335 -1050 3785
-8368 905 4093
-8134 196 4855
-8484 -6000 1164
-5104 2445 9888
-7772 -5170 8126
-9544 -3660 6685
-8093 -4670 -389
-7268 -5806 -3446
-6901 -3979 2575
-8836 -2650 5066
-7610 -2787 30
-7060 1680 2753
-6337 519 3235
-6144 -2174 -1880
-6908 -730 389
-6506 -4980 -2994
-9483 4251 9663
-8478 -53 1035
-7077 1437 7831
-8922 336 7749
-9526 -893 7836
-8418 -6211 964
-6139 -345 2175
-8760 4096 5155
-7132 4238 8506
-6198 3222 4589
-6956 -5526 7
-5102 -1539 4423
-6825 -80 168
-5558 1749 9608
-7309 281 5195
-7170 3811 9912
-5178 4517 9757
-7268 -24 3774
-7401 -7076 -5266
-8537 -4063 -2834
-8860 2470 7102
-9001 4647 9217
-7011 -6445 -4268
-6782 -2648 4345
-7646 1681 2233
-6096 -5986 4604
-9771 3716 4454
-9738 1327 3409
-7917 -847 1281
-5082 -2702 5128
-8946 -3902 -426
-6776 -417 6253
-9986 3210 6791
-6304 -3321 251
-6733 -5920 2436
-9504 1415 5521
-7981 987 6752
-6365 2511 3340
-6467 -3402 7926
-8144 11 712
-6423 4792 8241
-5008 504 6178
-6262 -1532 9244
-5857 4791 8072
-7601 4315 4420
-7803 2427 6380
-5889 -629 2420
-8791 4201 8649
-9496 -3749 6934
-9157 1819 4908
-7479 4820 5779
-8030 -3940 8539
-9508 -76 6565
-7104 -1539 2620
-7007 -2831 5984
-8565 -6710 -4332
-5284 -2331 4102
-7698 -2192 4495
-9231 1756 6523
-9668 -6686 1110
-7515 2944 9776
-6539 -5725 -553
-5351 -1322 4232
-6789 -4240 9855
-9224 -3055 377
-6955 2977 8787
-6578 3570 4759
-9004 -3423 1070
-9104 4540 4557
-6818 -1109 7446
-6212 -4568 -4314
-6239 -1673 4855
-5907 1145 4158
-9069 -8410 -2086
-9566 -5271 7273
-5028 -4800 5419
-6816 -164 2630
-5699 863 9017
-8169 4072 8136
-9717 3523 5093
-6169 -4434 -4001
-7484 -2097 4387
-7060 -981 2264
-6701 2062 3530
-6573 1135 8340
-6980 -2106 2905
-7759 -6860 -4376
-6999 -6109 7466
-7001 2578 3695
-9962 3561 4817
-5637 -2611 2222
-9771 -240 5109
-9269 -5492 3228
-7612 -1291 5416
-6515 2276 9376
-9824 -1034 2541
-5446 -4546 -1023
-7583 -7084 -1556
-9683 975 9309
-7264 -5176 7486
-6345 -906 7009
-9568 -3697 6467
-9670 291 2156
-5111 -905 1758
-7554 -4737 8989
-5091 -22 645
-9860 -4987 8074
-8105 583 1947
-6582 -4858 -4551
