673
-5105 -4365 -4168
-8035 -3149 7482
-7804 -1316 -255
-7737 -500 9561
-9844 -7125 8394
-8479 -3009 5345
-5748 3569 7315
-8502 3918 6741
-5540 -5263 -4241
-7787 366 3001
-8936 1796 5945
-6726 -5989 -5725
-9297 -2145 3242
-8760 4870 5587
-9589 -466 1341
-7978 3410 3721
-7196 -2297 5041
-7023 -5653 1943
-8622 2070 4443
-8338 1461 1499
-5855 -3423 6276
-6952 2512 4160
-5991 -4683 -1640
-7698 -3351 -1625
-6052 3647 6735
-5795 4685 4736
-8345 -5242 -1530
-6117 2273 6165
-7255 3006 5443
-5010 -76 150
-5061 673 4341
-6580 -4346 7976
-7532 -5544 2072
-7371 2102 9635
-8520 -7998 -520
-5310 -2687 765
-8223 -4057 -2881
-8439 -813 8016
-6849 -1582 7856
-5310 -1861 9091
-7319 -1332 3501
-7989 1428 1661
-6141 -3260 1250
-9733 -5222 39
-5825 1929 7004
-8467 -5511 -5396
-8766 -5619 -796
-7540 -7449 -4117
-5621 -5578 405
-5914 3739 4396
-8558 -6883 9876
-9016 4535 8097
-5322 -3921 855
-8431 -4008 -1857
-7951 3339 6405
-8707 -6969 8560
-5866 -4436 7527
-6312 -1961 9498
-9456 -1249 -91
-5047 2287 3752
-6260 -5389 3945
-8917 -4906 6849
-7638 -2340 1209
-6274 -4311 4217
-8005 554 894
-7650 -6628 -4305
-9519 987 2261
-6024 -4079 121
-9597 -7072 3298
-9799 -6029 -5640
-9726 -9620 8337
-6955 442 4572
-5178 4302 5205
-7303 -4060 6270
-9222 -1913 6848
-7475 1176 5801
-9974 2900 2960
-8880 2115 4938
-8489 -5223 483
-9934 -2278 -1470
-8736 -2254 7915
-6991 -3190 7738
-7917 -1181 -99
-7047 -3296 -2770
-7508 -3317 2961
-7969 -3440 2317
-9419 -5904 1556
-9822 -8970 7380
-5107 -2799 2534
-6809 -6095 -2891
-7350 4605 5360
-8940 4552 7431
-8482 -2618 -1222
-7173 -2278 8554
-6348 -5331 3516
-9899 616 5243
-7627 -1653 5457
-6936 2912 7057
-9791 2091 6337
-7198 4073 6867
-6710 417 8366
-9478 -7818 6775
-6034 3861 4424
-7502 4060 8459
-9052 -7026 3192
-5161 2520 9666
-9436 -5954 -1701
-9728 -9046 -6775
-7191 -2475 3778
-6846 -705 -617
-6549 4831 9371
-8008 625 2894
-7428 -1482 9346
-9247 -6271 -5133
-9570 -7289 -2636
-8391 -3621 7195
-7597 2180 2420
-6606 -4641 1420
-8049 -4433 -657
-9707 4439 8170
-8808 -6114 9859
-7959 -6497 -676
-5245 501 8977
-7059 -4850 -3074
-6497 4582 5644
-9899 -8912 1724
-9136 -728 1410
-5751 -1248 -255
-9304 -5921 -1535
-8540 7 5187
-6090 -4698 5401
-7362 304 1948
-9417 -5949 -4856
-7636 -7153 4188
-7197 4978 6614
-5839 2363 9513
-7374 -4852 -2451
-6244 -2190 7180
-9190 3493 4642
-9708 4656 6423
-6110 4999 8099
-5221 2953 5643
-9346 -7090 8562
-5506 1550 2645
-6082 1826 3717
-6385 3385 4025
-5309 -4498 -3827
-9144 -8190 8372
-5117 3196 8323
-7551 831 3070
-7339 -1058 7022
-8547 -7366 -6681
-8801 -2673 -987
-6753 -3889 -1723
-8044 -571 4160
-7109 -5361 -4634
-9457 -7218 -6985
-9382 -1190 1496
-7552 3024 7645
-7488 1244 2226
-7202 252 9849
-9862 -8694 9156
-6319 2992 4255
-6250 3630 6848
-7455 2353 6631
-8298 -2533 6183
-6015 200 2767
-7286 -5680 -118
-7071 -5391 -2284
-6551 1837 6239
-5884 3345 7063
-7911 4476 5666
-9704 -5920 3833
-8494 -1727 6233
-5816 2442 3160
-5996 -1751 3496
-5882 -398 3752
-8965 1326 8455
-9686 -7430 554
-7682 -4233 8899
-7779 3139 9760
-8948 -7089 -2759
-8856 1727 3227
-5188 -2318 3185
-7646 -4964 278
-7663 -3872 6855
-5107 1395 8402
-9075 2931 6049
-9697 -3527 6823
-9543 -7245 1224
-8990 1616 1908
-9125 -2088 7964
-6217 1966 2215
-9087 1759 6812
-7839 -2127 5333
-8112 -1603 1243
-8208 -6635 -5182
-8191 -7037 3591
-7825 -932 7959
-8683 -4962 859
-6337 -2684 6749
-7867 -4318 5118
-8070 -3621 2641
-5505 -1269 4993
-9136 -7495 -515
-7785 -2038 7324
-8504 -6075 -3228
-8942 558 9634
-8740 1236 4923
-5028 2744 8367
-5638 -3996 1877
-6357 1253 8343
-9872 -3641 -3350
-5036 3865 9651
-9472 2389 8044
-8303 -5974 9595
-6398 -4378 1432
-7018 -2239 -1684
-6946 2200 3805
-8611 2951 8809
-6130 4034 6941
-7005 -5530 1764
-5609 -4108 7259
-7270 -467 9885
-5279 2873 4972
-5182 4203 4254
-7464 -3260 9187
-5634 -1796 1082
-6171 3730 5255
-5140 -4351 5522
-6569 -6205 -4210
-5534 -365 5281
-7394 -6169 -31
-9991 -8794 -7580
-6524 -3179 189
-8170 4359 8249
-9372 -670 1316
-9684 -1233 7466
-5256 -4812 8121
-5327 4322 9827
-7831 -2197 2452
-6702 2658 9263
-6091 -2330 4195
-8728 -4553 -458
-8868 4284 9696
-6063 4533 9302
-6899 -420 3547
-6924 4028 5987
-7914 1643 9385
-6394 1053 4985
-9065 4396 8685
-8654 1363 6046
-5852 -3912 4429
-7792 -4978 -865
-5410 4983 7051
-8355 -3736 -3334
-9578 -2127 6309
-7364 718 6339
-6468 1575 9926
-8249 -5897 -2251
-8489 -6191 3641
-7440 4240 4698
-5961 712 1764
-5399 4145 5264
-5426 -420 3785
-9043 107 8652
-8710 -2434 -745
-7794 -4135 9235
-6333 -5211 4895
-7417 3716 6849
-6458 -1539 -469
-5337 -2692 2703
-9828 -1134 1133
-9130 -2871 6232
-5127 -4306 207
-7333 -5695 -647
-9350 -7890 5855
-5606 246 3077
-6921 -1957 8781
-9906 -6016 5562
-8545 -8499 5559
-5917 -2470 3038
-8657 -5903 -4650
-5045 4723 5446
-8070 -5609 8766
-7329 3206 7120
-9463 -8756 -2346
-9707 -8085 897
-7266 -414 637
-9472 -6737 5516
-7274 -6290 8422
-9901 -2080 4389
-7186 -4868 -1308
-5555 -1738 879
-8320 -6700 -3899
-8966 -1959 2007
-7419 -2029 -1567
-6392 -5027 6244
-6013 1705 3440
-8008 -4210 829
-7515 -2207 3643
-8608 -7558 -1676
-8869 -5867 4023
-5674 -3596 -269
-7666 4504 5738
-8240 -7882 5155
-6817 -2658 7620
-6987 -2120 600
-8016 -7855 4600
-9944 3084 3478
-5627 -869 -642
-7003 -4154 6716
-7604 -4570 5169
-6502 -4250 -3120
-9601 -9162 1145
-8670 -3458 8113
-9105 -1050 3177
-8207 -1821 6246
-9682 -5605 -4940
-6248 -476 7588
-6065 1178 4381
-7291 -1998 315
-9530 -186 2485
-9670 2428 3554
-9165 -5515 1213
-6582 -3834 8762
-6806 -6237 -1206
-6747 267 4629
-6083 -741 2451
-5262 -1684 963
-7040 -2 2717
-6422 75 9367
-6365 -2328 1986
-8584 1313 2973
-9017 4743 9546
-6172 -2324 9283
-5547 2496 6838
-8513 -3170 534
-6385 -4732 1101
-7641 -1255 5793
-9207 -6890 -1634
-5294 -3879 8441
-7176 -3621 4962
-5022 -3913 5847
-8971 867 1203
-9842 1487 2075
-6929 1531 4490
-6626 -1446 1399
-8461 1743 5008
-7955 4057 7937
-8281 -614 7831
-7720 -7350 -7308
-9421 -3508 5344
-6228 -5919 -5321
-7340 3926 9502
-9452 4246 8206
-6211 11 1383
-9784 -9528 2139
-6580 1319 9489
-5150 -4255 3970
-5931 4672 7483
-6356 1339 3443
-7087 -3993 -609
-6314 -5456 -2758
-7908 -3462 -136
-6538 -6535 -5261
-7575 -5111 -3876
-9789 -5055 -490
-6700 -1941 5854
-7980 -6326 -5742
-6280 -1361 769
-6529 -2397 7838
-9918 -4957 5188
-6735 4488 4771
-6568 521 5692
-9435 -3679 4587
-9486 -970 1944
-6187 2821 5682
-8969 -1759 6756
-9449 854 4940
-9985 -7174 -6179
-8500 3009 4091
-5014 -2705 2267
-9765 -2240 794
-7047 -6903 7910
-9171 -8632 -237
-8729 4502 5194
-7351 -2670 1115
-7756 -5896 1001
-9362 2282 6105
-9176 -492 8929
-7638 3609 7495
-9434 729 8650
-8930 1157 5611
-5906 1794 4774
-8782 -3947 -3402
-7048 -3784 2117
-7133 -3933 -2813
-6677 -1754 3594
-7079 4784 7744
-9552 3122 7630
-7154 -43 6685
-7868 -2878 9450
-7625 -7016 6487
-9251 780 2841
-9283 -2369 4514
-6339 -3057 -232
-7233 -4979 -1731
-5556 1140 6221
-9337 867 1845
-9129 -6288 -2611
-9955 787 7226
-7406 4544 6805
-6171 3188 8463
-8777 -8438 105
-5077 2277 9035
-7150 818 4441
-7561 -1203 2602
-8943 -5286 2278
-7143 -2014 -1489
-5344 -1810 1476
-6147 -3645 -1901
-6436 -1511 1502
-5805 -2047 9390
-5865 -1127 4385
-8025 -5630 2682
-7170 3847 6596
-5592 2876 3393
-9104 380 6957
-6665 -937 5251
-8141 2275 5925
-5648 3222 7582
-7093 4089 5007
-8402 -1889 6097
-7511 -4958 -861
-5579 -365 -121
-6727 -1927 8667
-7891 -671 6539
-5401 -3562 4124
-6842 -1448 -833
-8782 -7881 -5298
-5571 -3110 -1127
-9114 -5738 7644
-9400 -5820 4003
-9868 -1814 7546
-9999 -2848 9918
-5464 3647 9123
-9481 -6739 3153
-9203 -4594 4293
-9157 -5222 1530
-7152 -2373 1706
-9884 -1405 9783
-8166 -1697 9494
-8676 -3610 3599
-8271 3052 3523
-6601 -746 557
-7456 -785 8977
-7768 -6872 3347
-6773 2305 6749
-7490 -6720 -3149
-9278 3286 7132
-8063 322 565
-5782 905 9817
-9001 -2989 4889
-5812 -2625 4511
-7108 -5799 5047
-9952 -9391 2318
-7317 -850 3694
-8441 -1172 6222
-9143 -1360 7163
-9667 -7916 -3507
-5972 3482 3900
-7564 -3268 2287
-5793 -4853 -3368
-6242 -3940 3864
-8015 2054 6032
-8090 -4265 -1903
-5113 -1758 2936
-7349 2525 3595
-6394 -1969 518
-6710 1723 8448
-6968 -5517 2686
-6979 628 6467
-5606 3178 6194
-5295 -1431 -1045
-7116 -472 7092
-5433 2342 9682
-6804 -1594 682
-5471 2922 8064
-9767 2690 2775
-9533 -4770 -2296
-6962 -4102 -3657
-9879 -2636 9194
-7494 4520 7194
-6488 3905 8553
-6003 -5714 -2561
-7925 663 2040
-6673 2421 7308
-9927 4075 5271
-5976 3856 7683
-8674 -5833 6341
-9558 -1181 9931
-6423 -5185 -708
-5465 2310 2954
-8797 -6080 1046
-5620 -5121 9065
-5595 2317 5773
-7778 -1282 7082
-8746 -3864 -3231
-7112 -3929 -3922
-6470 -1235 6284
-9590 -332 3522
-6135 -4705 -3874
-7553 -6523 2442
-5968 -5683 8084
-7781 -4718 -3169
-5682 2856 9599
-8804 3316 4336
-8442 -7130 3471
-8548 -5741 -2530
-5205 -4036 1785
-6416 -584 7789
-9721 -1577 3086
-7705 -4889 4155
-5870 1704 6334
-7223 729 7219
-8524 -4508 -2182
-7572 3422 8311
-9679 -6424 -5652
-9585 -7925 -6556
-8860 -2101 5722
-8133 -3725 9476
-8818 -7032 -1081
-5056 4282 7633
-5495 -529 4004
-9287 -5111 -4079
-7874 -6166 -2623
-6987 -4826 1898
-5636 -348 852
-9640 -5162 -3982
-7849 -4926 7790
-8764 -6651 2720
-6245 1966 2680
-8206 -6901 9777
-8509 697 3680
-8793 3507 9464
-9424 4377 5852
-7160 -1024 5024
-8160 686 4656
-8779 -129 8957
-9195 4876 8672
-9331 3611 9400
-7683 -1459 9978
-6960 4240 8124
-6065 -3442 -1878
-7927 -3320 7873
-9321 -4078 -2406
-7217 -1507 3077
-7152 -1301 3938
-5525 268 1117
-6356 2585 9396
-5811 4300 4616
-9328 551 5154
-5410 -23 1819
-5145 -384 572
-8726 -3054 2723
-7546 -5531 3790
-5696 3988 4289
-9219 3295 3935
-8151 -5287 1976
-7590 -2865 3477
-5761 3914 6921
-6298 347 6903
-6702 -4082 3851
-9857 4064 7271
-8434 2364 3735
-7289 2198 6917
-6047 -1383 2607
-8265 -1198 4849
-5169 1258 3636
-9209 -3415 -1978
-8177 4502 8488
-7122 -1576 5550
-9239 -7261 -1664
-7960 2310 3174
-8129 -7119 -306
-8982 1803 6575
-9276 1905 2980
-9953 -8221 1387
-6844 -3884 -2362
-9014 4028 5027
-9270 4789 8631
-8425 -5699 -5402
-9407 -33 5251
-6666 -993 9818
-7336 -823 4473
-8806 -3409 -2007
-5823 4340 8335
-6312 -6126 4020
-6610 -5024 -2795
-7983 3035 5194
-7615 301 9668
-6063 -1433 -505
-7812 677 3710
-9867 -4576 1697
-8029 -5491 -5158
-6331 558 4341
-5130 -1963 2856
-6034 1595 1746
-8764 -6471 -3403
-6173 2950 7307
-7743 3416 5133
-9653 -2150 4329
-5839 2121 9498
-7497 557 2830
-8721 -5433 -4657
-6285 1570 5750
-7970 2226 2650
-7806 -7054 7307
-7377 3423 8242
-7901 -3838 -424
-9873 -6515 4502
-5517 4427 9094
-8039 -3085 3851
-8161 4004 4947
-5214 -266 920
-7361 -3778 9673
-5719 -509 5993
-6370 -5419 -2792
-8771 -2306 2708
-5834 -1274 5509
-8774 -8087 5427
-6120 2380 4110
-9668 -7739 5116
-7889 -3171 -21
-8139 -2431 7903
-6981 765 1007
-8714 2969 3435
-5529 -613 5894
-5206 -143 4200
-8498 -4215 5426
-7174 3272 7705
-7979 -6744 874
-9257 -7111 4973
-8499 -1768 4833
-7772 804 8516
-8663 -8234 -2659
-8585 -6125 2089
-8010 2054 2099
-7548 4531 7769
-6867 1181 2557
-7363 519 9003
-7111 -5827 6965
-5008 -3540 7512
-7213 557 2358
-9192 -6506 1808
-6866 -6080 8746
-5551 -4673 1234
-7359 -1615 5334
-5807 -3474 9578
-8749 -248 9668
-6627 -5861 9986
-5991 -5087 -375
-6524 -1408 952
-8539 -5964 -4661
-9917 4383 7594
-7123 -156 1186
-9132 -7511 6021
-8712 4604 5303
-9660 -4098 5772
-9853 -8881 8344
-8702 -5370 -4264
-7463 -2334 -1413
