672
-6034 711 4973
-6392 4681 5545
-9909 4309 6752
-6353 -1891 6835
-6500 4385 8197
-9518 -2518 5251
-6807 -6545 8233
-6362 2729 4480
-8953 -8924 -5567
-5116 -2922 9266
-8139 -3888 3636
-9990 2998 4644
-9297 287 6690
-6222 -2966 -1576
-9895 -8261 4675
-5605 94 3018
-5794 3609 7392
-5944 -3659 -3334
-6566 3786 5840
-6291 -1976 4106
-8271 -3240 -676
-5838 -1735 6976
-5963 -2939 2875
-6314 3099 8346
-9525 1404 5200
-5020 -3410 5503
-8137 -6474 1579
-8274 -5819 -5575
-5145 3829 5010
-7325 3511 6542
-7758 4553 7131
-9859 -8259 -5882
-8931 -8359 1212
-8484 -7189 871
-5140 3866 5875
-6941 -1609 2371
-5495 1551 5375
-5092 451 8020
-7287 1327 7445
-5883 -2663 2389
-9025 -4801 -4641
-5016 -1589 7778
-9349 -6176 586
-8917 -8073 -4785
-8069 -7557 2979
-7265 2469 5885
-6345 -1831 7237
-9918 -213 6736
-5353 4081 5928
-5892 131 8787
-7309 1622 1712
-8401 -7299 -866
-7467 1143 3095
-8160 -7923 -3616
-8169 -4152 -2955
-9031 -6779 5624
-8976 -6601 7001
-8800 -938 9310
-5679 -378 1143
-6621 -1746 6463
-6963 -1383 5410
-7813 -3969 7495
-5315 20 3203
-6248 3247 4202
-8745 -7463 7594
-6937 2351 9898
-5477 3976 4181
-5584 -1158 -360
-6837 -5917 8259
-7339 -2520 5300
-5350 -1114 7472
-9710 -8613 -1468
-5232 -1153 9613
-5702 -4188 -2919
-5923 1079 4794
-9341 -7948 878
-8470 -8161 1036
-9737 -5205 -3682
-7763 -7680 5490
-9970 1227 2719
-6512 1827 7109
-5300 256 5317
-7721 -1340 7192
-7315 1726 4183
-8404 -533 2000
-8743 -3229 -3046
-8706 3695 9363
-7657 456 9761
-7830 2818 5258
-5315 210 1556
-7021 -6270 5691
-9606 -5301 9309
-6932 -5689 1905
-8598 -7846 3702
-5781 4774 8983
-8652 -333 1841
-8027 2542 5619
-5279 3902 5184
-9967 -4261 -3191
-7659 -4344 -3779
-6284 -6080 -5829
-8093 3822 4546
-7355 2054 5097
-8025 -4349 6768
-6558 -3372 8645
-8824 -3485 -1273
-9003 -3471 -1028
-6384 -115 4618
-9866 3622 3749
-7685 -1374 2102
-7550 -4874 2360
-6481 3428 4000
-7880 3233 8706
-8202 -3427 1084
-9234 -8894 -7524
-8322 1133 8468
-6091 -3565 -757
-7582 -4444 -4379
-6741 -1486 8258
-7712 -3829 -3525
-5278 1898 3701
-8102 -2361 6409
-8770 -8655 -2149
-8644 -5327 -1831
-9517 4840 6562
-5503 338 7612
-9515 3374 7297
-7816 3716 6923
-6978 1264 3345
-6975 -4227 7596
-9658 -93 5329
-6671 751 7065
-9789 4695 7511
-7738 -2668 9167
-8046 -4392 6482
-7222 -558 7309
-9635 -1106 2139
-9269 -5748 -3797
-7270 1998 7578
-5524 -327 3191
-8425 399 6705
-8709 -1377 6901
-9096 3882 9482
-7987 -2175 -1475
-7944 -731 9007
-5262 4954 6439
-6353 -4482 8848
-5372 1797 5159
-8496 -1375 3920
-8219 2077 7508
-5898 1232 7509
-9228 1065 7942
-8161 -2076 9715
-7328 1598 5551
-9446 3570 9269
-8817 -1648 2089
-8749 -3025 8867
-7904 251 6060
-6868 1565 6875
-6226 -1790 6175
-5678 337 7577
-7656 -1530 1855
-6974 3906 9326
-8714 -8170 918
-7336 -234 7843
-7441 708 2891
-9391 -6278 -2031
-8203 3909 3962
-8206 -4959 -2634
-8022 -3355 -2429
-5245 -2835 5884
-8139 -1473 772
-7741 -2953 6210
-9498 -1316 9582
-8643 -5333 -212
-8695 -8631 7601
-8377 -2440 8652
-6543 134 4373
-8885 -4717 1015
-6706 1908 7721
-9851 1975 3619
-9446 -712 607
-9257 4205 4844
-8444 -3734 -189
-5430 -4038 9033
-5866 -2745 5686
-7337 2628 2871
-9491 -6618 -340
-7157 2761 6786
-6498 -6085 4376
-9346 1858 8538
-5347 -647 7947
-8551 -2717 3282
-5123 -3937 435
-9643 3763 4773
-9709 -1883 -502
-5708 -1576 9815
-6922 -6674 6573
-7814 -4450 2187
-7545 -3363 9175
-6432 1507 8710
-8771 -3679 9847
-8287 -4586 5533
-7123 -3546 7497
-6508 -4360 2659
-6451 -2012 -338
-8494 -7855 -5765
-6791 4348 8655
-7427 -663 1043
-9813 -6490 -5267
-9710 -1795 -49
-9228 -8638 914
-8419 -2391 1502
-6375 2548 3277
-6050 -4427 6921
-8346 -4401 5872
-8151 -6020 2709
-7683 -1962 815
-6572 -4789 -2541
-5396 4601 7337
-8533 -3722 9702
-9461 -4851 -3789
-5677 -4853 1159
-7851 -1645 2298
-8204 -7380 4224
-6575 -3475 341
-5698 2541 5274
-7008 -6901 -3531
-9115 3797 4225
-8918 2776 4464
-9195 -5941 477
-9104 -8312 4952
-5584 -2016 3201
-9602 -5884 4221
-6524 2343 8335
-6805 3430 6687
-6382 -383 6490
-7825 -1575 9717
-6034 2412 6148
-7202 876 5068
-8758 -8594 2144
-7241 -3831 -2042
-7548 -7060 2154
-6898 -4243 7837
-8193 -6378 -6224
-9903 914 3681
-8270 -5208 -3108
-5357 2841 5327
-7802 2337 7708
-7219 -499 2537
-6581 -6081 7835
-9386 1139 8871
-7397 -2902 7937
-6824 640 3183
-8507 -5534 -4685
-5923 4219 9361
-9358 -2153 1813
-8612 -1479 7008
-6777 -4749 -4237
-6715 -3653 -2179
-6330 -3380 4857
-9716 2383 9410
-5567 253 3979
-7944 811 876
-9583 -6047 4704
-8005 2798 4129
-8692 -6363 -6127
-5802 2706 6228
-7517 -5256 -3786
-9355 -7413 3451
-6941 -6803 -5100
-8831 571 8433
-8145 -3229 7424
-7626 -29 2823
-9191 753 994
-9036 100 4612
-9428 2871 6400
-8942 -2945 -1083
-9060 -3573 1821
-8180 25 6304
-7975 4425 9760
-8315 -8004 -4243
-7638 1390 7175
-6910 -607 9954
-7300 2943 6248
-8331 515 4294
-7710 -6440 407
-7417 23 6466
-8844 -4797 -2003
-5539 674 5065
-7058 -6200 7740
-8598 -5615 2831
-9628 -1177 6505
-9157 -4510 1097
-6185 3757 5203
-8105 -6432 3267
-9461 -3640 5505
-9172 332 8294
-9368 2893 3379
-6392 -4581 3125
-9095 -4244 6483
-8634 -3305 -165
-5281 3558 6425
-9560 -8119 2793
-9013 -8692 -1139
-7473 -6560 1439
-6200 -4881 -1743
-5322 2020 2360
-9182 -4514 5578
-6491 -5194 5818
-8252 -2775 6534
-8425 4984 8179
-7679 619 4384
-9210 3607 3772
-5318 4607 9697
-8776 -3750 -3638
-5291 -1938 5751
-5583 -1176 4214
-7076 -372 8713
-9702 4204 7486
-9447 -3859 7295
-8292 -6009 3774
-6556 -5047 -3574
-7249 -5609 -1930
-9775 -4580 7177
-7328 -1422 -160
-6993 -6262 -6187
-9835 -8784 8164
-8898 -3177 9172
-9926 -3715 -418
-5126 231 6695
-7376 -81 6171
-8797 -3890 -3103
-7965 -2574 3275
-7341 1951 6642
-8475 -3560 1966
-9665 4063 7109
-9917 -9728 -6402
-6509 2936 7974
-5796 -160 3867
-9701 -5846 239
-5798 26 4278
-7902 1206 4031
-5514 1653 2619
-7498 -384 4174
-5313 1732 3686
-8805 2052 6465
-7848 -1898 380
-7450 -4164 1278
-5427 -1670 3158
-7623 -7553 -3277
-9657 -3815 8130
-7223 -5034 1
-7742 -2795 6892
-7824 3504 8620
-5388 -3619 -982
-8804 -4457 6183
-8406 -4530 3788
-5623 -5212 2896
-5126 -4606 1058
-6453 3239 5525
-6492 4761 5390
-9456 3416 9841
-6754 -2946 2090
-5566 -383 4763
-6508 -3454 1587
-8329 -7672 6062
-6409 -2853 -2091
-6054 -2054 3643
-8567 3132 4910
-8360 -1764 647
-5322 -1982 4470
-5033 1205 1659
-8664 -6015 5805
-9522 -1935 802
-6776 -1449 4661
-8968 2397 4182
-6967 -5804 5283
-9284 -1545 3932
-8422 -7878 3453
-8352 -5965 5274
-6032 3463 5153
-9286 2718 4997
-9300 3447 6081
-7484 -4956 4258
-6393 -293 -247
-9788 -9357 2042
-8327 -2991 7612
-7778 2412 2416
-7350 -5971 -3074
-9700 -9062 7013
-9946 -9228 -1121
-7799 -1273 4562
-7796 3195 6275
-7309 1132 1475
-9046 -2732 49
-9611 -4561 8470
-6440 -4659 -2146
-7909 -798 8095
-8171 -7996 -754
-5708 -1999 9513
-5358 -1898 6210
-8064 -8063 -5756
-9660 4192 5681
-7724 43 703
-7672 3623 7436
-5241 611 1616
-9052 -8487 3046
-7432 -6687 4830
-8917 386 5503
-9314 -2351 1379
-8546 -6657 2889
-8302 -3964 -1648
-6349 -993 4878
-6458 -4564 7592
-5694 -215 8030
-8813 -7277 -76
-9454 -4337 -4010
-8914 -4827 -240
-6201 -165 5624
-5722 -554 8439
-6600 1807 4909
-7462 -3623 6435
-7007 -6543 -823
-6792 -409 7562
-7169 1118 6912
-8318 1461 9822
-9668 -3360 -2725
-9636 -2470 5880
-7952 -2617 6178
-7433 -4283 -727
-7543 3350 7126
-9875 -9393 -62
-5466 4312 5084
-5005 -2379 8852
-8857 -96 8534
-6580 -393 946
-6191 -5786 3632
-8250 -991 -888
-5388 4618 9158
-9188 214 2439
-7538 -2318 6150
-9526 -1702 8255
-5468 3465 9333
-6636 266 338
-5579 -2051 8389
-5217 563 1559
-9879 -1801 8681
-8515 -4648 2167
-8764 -4478 -4452
-6969 945 5134
-5044 -3486 1453
-8460 -5597 -3501
-5453 1353 4384
-9911 -8599 3461
-7460 -1219 7502
-6096 -2703 -2403
-7337 -5131 7035
-9113 -6374 4295
-6092 4164 4707
-7841 -1235 4161
-9789 3626 9417
-8246 -7145 -6621
-7286 -1474 489
-5842 -5282 5694
-7932 -5322 4023
-6104 -3493 -2271
-8859 4988 7236
-8905 -6950 9520
-8908 1766 7163
-6820 -3317 -883
-5577 -2885 6651
-7105 -4900 1429
-9678 -3635 1100
-8090 960 5963
-5724 -2990 6965
-6721 -1470 5520
-9241 -8660 -6842
-6101 3948 5171
-8566 3929 7433
-7702 -3945 -2924
-6099 2523 8484
-9329 -6969 8378
-7943 -7819 -4969
-9776 -1508 -285
-6221 -1378 8257
-9198 -1693 7213
-6971 1185 7361
-7094 -1216 8986
-5964 -1917 9721
-9399 -6575 2970
-7222 -3087 2098
-8225 2879 8736
-7014 2347 5086
-5075 -1702 2720
-6368 -2938 -791
-6850 -3873 7606
-9499 -4168 -125
-7424 -5999 -4611
-5968 -2569 -2239
-8269 3146 9268
-8528 4165 9434
-7522 4909 5868
-5619 -2895 121
-7242 -4924 -3915
-6050 1052 5828
-9013 -8252 9511
-8978 -1128 9591
-7654 -458 6062
-9175 -7803 6721
-8565 3737 8127
-5749 -3407 -99
-6205 -5841 2537
-7637 -5580 8803
-9442 4070 7771
-8881 -4283 7491
-5789 4388 5061
-6998 2210 7512
-5235 -2756 144
-9643 -7495 4476
-9978 -2439 9655
-7346 -6698 3812
-7489 -930 9461
-8482 -3059 5213
-7749 -3824 334
-9940 1858 4981
-7640 -4820 -2698
-6037 4196 7174
-8251 146 1803
-8544 -2532 6280
-9260 -7867 3491
-9082 -6709 3522
-9502 3990 9058
-5770 -1033 1819
-7537 -5807 6618
-6026 -204 7333
-9997 -9570 -2824
-5070 2016 9307
-9376 -9210 8643
-9718 -4533 5740
-7027 -6578 5226
-7470 -18 6919
-7057 -2437 8463
-6627 -579 -52
-9897 361 637
-8951 -5907 -892
-7756 1711 5344
-8900 -6650 -2670
-5044 3356 9435
-9435 -6849 692
-5783 2520 3047
-6323 -5012 -3381
-8126 -5207 -5123
-5717 951 3157
-9230 1517 2156
-6191 761 4089
-7405 -1600 2241
-5198 446 6704
-9045 -8654 5532
-5445 1203 1431
-5276 -3672 1603
-5610 3247 4610
-8286 -2777 2308
-9151 -3518 2534
-8701 -5587 -5295
-7674 -1215 8876
-6274 -5574 6349
-7982 -576 8421
-5651 -834 2555
-9552 -7975 -5034
-6561 3230 5865
-5559 -883 102
-9231 -3557 -3410
-6997 3289 6093
-7177 -3271 -2680
-5375 -690 5239
-7834 -5956 3646
-6091 -1876 3340
-9400 -7984 9047
-9934 3328 6012
-5653 -103 1976
-5425 4191 5787
-6896 -393 -237
-7373 -1442 1037
-9256 -7616 -3568
-7474 -1282 7739
-6310 -789 7099
-6495 -953 5477
-6680 -1758 4899
-7437 -5674 4266
-5154 -2310 1145
-6024 -5238 -4265
-5271 -1875 404
-6178 -5316 5506
-7014 -174 2611
-5793 2320 8051
-7689 -81 2372
-7601 -674 1358
-5366 -5074 -242
-9951 -1035 2791
-7667 -743 820
-8947 1627 7102
-6562 -2964 -188
-9479 -9031 324
-6619 -3741 7575
-9181 -841 7553
-6750 4090 6768
-5146 -1762 -83
-6719 -3547 3086
-8968 -7648 -3567
-5965 1925 9354
-8744 -5825 -4929
-8687 -2536 1708
-8722 -2504 5134
-7480 -2590 3362
-6055 -4593 4308
-8737 -7127 4706
-6187 320 4090
-8490 4990 6774
-6432 -1416 197
-6863 1240 3930
-7088 1929 8227
-5752 2139 7901
-5414 -3949 1178
-8761 4885 6562
-5127 -4068 2994
-9954 -3174 4509
-8446 -4967 980
-7323 -107 6853
-5854 4814 8744
-7596 -1148 2724
-6069 3364 9444
-6086 1896 9555
-8172 -4882 8333
-5138 -1246 1912
-9276 -3604 5229
-8343 -6210 -5946
-8997 4143 9698
-7518 -23 3806
-8069 -5162 6572
-7601 1966 9586
-6895 3286 6689
-5955 1820 6560
-7451 -5967 -1918
-7019 -6673 4061
-8326 -3803 -1343
-9734 990 1402
-5682 -2912 3179
-7352 3571 5846
-9823 -2838 -1035
-5832 -5404 -4118
-7332 -5317 3485
-9434 2070 5707
-5903 -1688 918
-5078 2377 4569
-7463 -663 9338
-7853 -2591 -922
-9506 -7917 7734
-7996 2624 7444
-6911 2471 5306
-6955 -2236 3658
-5130 2462 4207
-5204 -4926 -4590
-5520 151 2101
-6364 595 1611
-8245 264 4138
-6657 -1962 3834
-8112 -7593 1271
-9283 -6742 9730
-7206 -4166 -2792
-5683 -4747 -2093
-8014 941 9042
