324
-5780 -4577 -1039
-8102 3698 6389
-5645 -3286 4897
-6695 -2343 1067
-7666 3440 6303
-9363 -3237 2054
-9446 -6575 1613
-6038 -3018 4271
-9722 4768 8094
-8458 1374 6276
-7365 -3508 8801
-5825 3023 5216
-6556 -1806 2739
-7113 -2884 -2173
-8945 2075 2081
-7838 -4488 -2320
-5113 3318 5283
-5748 130 962
-8104 -1009 6163
-8218 -6085 631
-5445 -4387 -994
-6194 -3168 6012
-5732 -5669 -1728
-5113 1162 1257
-9023 -6591 -2780
-5803 -3061 8381
-8841 -4686 3042
-9891 -3245 -314
-8885 213 4863
-5101 -4875 -4542
-5864 -4504 6468
-6386 1282 4778
-9160 -7191 5259
-6954 -1015 9920
-6086 -4441 6825
-5013 -4487 7506
-9771 180 1403
-8034 -7813 1636
-5122 -480 343
-7475 -3716 -2790
-5186 1185 8329
-7801 -3531 2079
-5425 191 3575
-7031 -1650 4467
-9468 -2341 4009
-9352 4191 7526
-8809 -4277 3234
-5759 -5390 9045
-8265 3441 4025
-6020 2990 6528
-6591 2055 8618
-6540 636 2929
-6690 -2452 9312
-8609 -1264 5407
-7633 -700 4249
-6655 2373 4222
-6420 -5418 -7
-5707 -4834 -487
-8907 -2788 4302
-9209 4646 5818
-5499 -4664 7345
-8953 -546 3174
-6547 -1919 2049
-5769 1016 7910
-5798 -3306 -1973
-9153 -2878 653
-7540 1972 7723
-6003 3323 4963
-8758 -6100 -1674
-8442 -5765 5443
-6811 -4648 1376
-9941 -2127 259
-8462 -3253 5347
-6533 -3568 6771
-5211 -2140 251
-9607 -7587 -1924
-9105 -1228 306
-9715 -7177 6288
-9496 2138 2652
-6830 1861 9487
-7695 -6005 -1542
-8332 -7245 -1715
-5262 -2954 -501
-5297 1117 5037
-6358 -727 7514
-9180 -7963 4539
-7664 -4430 -2829
-9383 -9275 3992
-8673 -5575 -2649
-7997 -5308 -2640
-6248 -5145 9402
-5870 4655 8277
-6449 -4354 -4069
-9659 1700 6079
-9977 3480 4864
-5523 -272 4898
-8342 4415 8991
-8404 3286 8070
-5198 -4273 -1219
-6018 -492 8662
-5644 3750 5792
-7995 1463 4404
-9153 -417 1087
-7284 -4421 3311
-5134 -1178 947
-8464 -5603 -76
-7323 -2117 2063
-8978 -5029 5007
-9052 3348 4625
-6728 -5152 683
-5151 1652 7522
-8917 -1800 -1160
-5115 3386 7825
-6484 4855 9834
-6622 -4014 -782
-6106 -6100 7698
-5489 -3271 4080
-6908 -4905 8854
-9896 -8438 -823
-5600 2857 5808
-6277 -2682 2490
-7961 -6947 1993
-7391 1581 2907
-5337 -2673 9754
-8425 -2855 455
-5957 3506 9241
-8347 -1231 419
-7281 -4455 -2628
-9800 -764 5659
-7442 -1608 679
-5573 1130 4815
-8632 -4968 7842
-8189 -8135 1846
-7820 -1816 7042
-8957 826 5658
-9728 4612 7716
-6145 3739 4995
-8127 -2022 1541
-8683 -2238 -1885
-6183 1461 5752
-9099 -8262 -2083
-6031 1875 6171
-9854 -8172 1987
-5723 -4703 -1260
-7061 -3797 6268
-8843 3807 7223
-8422 -3108 7569
-6736 -4129 -1120
-5794 -1960 4467
-8441 -4476 -3899
-6642 -1422 8126
-7914 -3024 584
-7322 2833 6679
-9919 3003 4895
-9112 3925 5092
-5298 4885 8162
-6554 -1932 6918
-5925 3092 9042
-9320 -6505 6131
-6281 -2783 9516
-8004 -7333 1006
-9733 -6579 5125
-5960 -1802 3663
-6343 -5737 -3654
-5897 64 4469
-7854 -5951 3510
-5199 4866 5282
-5034 -4044 -3061
-7265 2037 4060
-6861 -3134 1548
-9760 -4242 6260
-7254 3794 8786
-7479 -790 8688
-5914 -1827 2838
-9316 -3393 1502
-6256 -1765 -1332
-5965 4990 9044
-7275 2942 7594
-9734 -169 695
-6642 2695 5239
-9035 -2163 5802
-8074 3896 8417
-6309 -1348 10
-7005 4954 6495
-8559 -3898 -1441
-7222 -5464 1071
-5044 -1122 4700
-5129 -3901 -1053
-7707 -5335 -1855
-7524 -4137 3624
-9961 4509 7308
-7533 3161 4329
-6681 -1378 4727
-5002 810 3709
-9440 -7877 -7577
-8334 881 886
-6712 -4157 -2295
-6217 3447 8491
-6253 -1322 1914
-9033 -3032 -2718
-7388 3429 8655
-9496 -5686 -36
-9044 -6790 -2557
-7679 -6807 4494
-9704 -1529 3961
-9543 -6276 6615
-9721 -8910 -409
-7061 1391 4912
-9082 -4723 8041
-6601 -106 830
-5415 -230 291
-5272 738 2298
-9875 4743 5959
-9984 -4345 4215
-7241 -3167 3048
-8858 1315 7752
-6027 659 5130
-8415 2645 4186
-9066 -6706 -1481
-5358 -441 9149
-5502 3744 5251
-9129 -3129 -50
-7269 -639 -29
-5188 -221 6213
-9385 -2048 -1856
-7012 -963 7743
-9340 2311 8637
-6013 922 1622
-8091 -5243 6986
-5372 -1768 6837
-8201 3086 5734
-6165 4165 6195
-8004 -7910 272
-9361 -1556 662
-5807 -4987 2768
-6331 1151 3388
-9726 3242 9281
-7199 -3281 638
-8350 -6749 -5011
-6056 1172 5257
-8494 -8029 7939
-6216 3582 4592
-5568 -484 2328
-5994 -1677 1654
-5257 1432 3977
-7691 -2339 9163
-7183 -6207 8298
-8063 2365 4430
-8895 -8800 -1513
-8842 -3581 2231
-8611 -8401 4358
-7042 -762 5545
-6993 -5881 -1866
-8461 -8207 6770
-9877 1111 1598
-8166 -6106 5543
-5027 -4089 -909
-7481 3508 8711
-8612 -6821 -1624
-7476 71 6749
-5927 -649 9260
-8200 3243 4314
-8219 -5330 -92
-7870 -4104 5736
-5959 -5867 1268
-8279 -4947 7682
-7872 -1678 7000
-7073 1099 1540
-8241 2120 2906
-6809 1682 5423
-7954 4331 6733
-8699 -7179 7859
-9944 -2233 2315
-6238 -4723 9475
-9386 -1268 -1005
-6097 -5139 9762
-6103 2578 6333
-7898 -3076 -2175
-9350 -1693 -395
-6750 -2096 7024
-6692 -4180 -2919
-7878 -964 7730
-9126 2738 7012
-9084 -4568 5957
-8750 1875 8841
-8656 2265 4155
-8584 -3445 7634
-8460 -6412 330
-7878 4589 5044
-7162 1783 7688
-7689 4972 7771
-9740 -8936 6233
-5631 -842 6239
-9693 -160 2364
-6722 -2714 2942
-9732 4720 6616
-5694 4013 6825
-7643 3877 4277
-6615 -864 9577
-8224 -1583 5031
-7153 -2581 8055
-6719 2033 6711
-5150 143 8935
-9053 -5456 5236
-8463 1284 4513
-8052 -1391 8906
-9612 -802 6874
-5091 1277 5018
-6771 2090 8492
-6654 -5288 -811
-5287 -954 9041
-7886 -3234 8275
-8768 3336 7939
-5092 4680 5929
-7379 -6330 6574
-5916 3622 3913
-6315 792 3749
-9962 1371 8814
-6358 2573 4687
-6132 -3698 5192
-9268 3269 7471
-5839 -3690 1362
-5555 3780 4572
-7044 -4171 8360
