950
-7540 -5849 4430
-5686 230 2933
-8860 -8531 -5634
-7725 -5264 232
-8999 991 9723
-7706 -7563 6215
-8377 -2674 -45
-8156 1635 3163
-5187 -387 4764
-8804 2033 4811
-7017 3894 8503
-6715 -930 5393
-8260 -4943 -4247
-6292 -1753 9545
-9709 4247 5798
-6275 -5091 -3456
-8214 -1302 3442
-6200 -1531 3400
-9224 -3212 -1165
-7420 -1247 6150
-7417 -5085 5296
-9473 2726 9985
-5037 -818 9427
-8247 2533 9231
-5670 2906 4797
-7713 -2860 -1822
-6504 4812 9583
-6459 228 1729
-8971 -7075 -1097
-7261 3037 7137
-7943 -2951 1734
-9744 -5253 -796
-8599 -2797 6395
-5722 3367 7231
-5807 1030 9854
-9509 -9432 -8960
-7893 4180 5002
-7946 -3072 9440
-8853 -3609 2609
-7090 -3596 -1925
-5218 2701 2941
-8051 -3101 2572
-7570 -5072 -1436
-5901 -5452 8314
-7095 -4196 7431
-8635 -7321 4390
-5444 -3250 2202
-6501 -3745 -3456
-8292 -5259 7240
-9542 -6020 5280
-7813 -4435 4133
-7952 -5434 1295
-6257 -4647 7151
-8940 -3285 338
-6950 -2342 9149
-6909 -793 2656
-9885 -9179 9525
-7306 -5007 -2369
-8049 1445 4821
-5673 1361 7995
-7956 -4368 -3824
-7248 -5849 3877
-9145 -2035 6528
-6010 2343 8463
-9386 -8165 6089
-7412 -1945 1024
-6409 341 9469
-8534 4715 5944
-8297 -7882 -6219
-6216 4931 8437
-9381 2094 3137
-7665 -4716 7655
-9531 4635 7866
-8633 -4497 -4214
-6596 -4886 8981
-8049 2720 6224
-7615 763 6093
-5235 -4972 8549
-9458 -2296 639
-7522 4944 8433
-9629 -2377 -1007
-8718 579 3330
-6358 -4795 -2167
-9120 981 4510
-6849 39 1472
-5577 1948 7553
-5768 1304 1569
-8920 -6553 1023
-5537 -3750 -3005
-5480 3027 4494
-6015 1988 2899
-6661 -5631 5130
-8350 -8031 2455
-5207 -2381 8454
-6829 -1576 7702
-8628 -5725 2316
-9691 -6707 5431
-6572 -4974 4710
-6507 -878 2815
-9287 -5182 -2858
-7368 -6964 -5195
-7350 4836 6674
-6851 -4229 -3190
-5090 -4444 9512
-6820 3293 9126
-5688 -3097 -343
-5888 -2300 4185
-6671 -4695 1627
-8598 3619 6708
-6036 1680 3291
-5607 2000 2708
-7666 -5992 1311
-8553 -2083 4257
-6376 -6249 4095
-5795 -5208 -257
-8884 1301 5018
-7778 -2988 5285
-8169 -8111 9080
-9435 -5982 -3859
-8920 2086 6291
-9242 -8263 -2951
-7818 -7751 -7174
-6443 873 6688
-5560 -4113 -3661
-9507 -8776 1051
-6955 1867 8307
-7292 -2830 3862
-9509 -6613 5509
-9612 -4438 -2145
-7682 -1022 4100
-7669 2811 6834
-8201 -6556 492
-5651 -2114 2920
-9619 3398 9872
-8565 -7589 -1100
-8972 -8469 -906
-6623 -2680 -2679
-7479 -6246 -5285
-9038 -6609 7222
-7760 -4673 642
-6042 -869 6216
-9958 -814 4968
-9322 -8236 -5197
-7430 -5957 -2821
-9465 -5479 2003
-5524 183 727
-6092 2792 8355
-5989 1741 9982
-5386 1851 6909
-9476 1275 4792
-8542 -983 1316
-6486 -401 9588
-8457 -4996 2287
-7496 2295 9534
-6637 3450 5776
-8753 -7169 -3076
-8538 -7074 -3856
-7284 -738 2674
-6174 -1310 1508
-9966 4966 9600
-7852 -2611 6164
-7278 3093 6249
-5494 1932 2727
-8562 -2520 3413
-9219 4643 8917
-9735 -5342 5393
-5635 -4884 9397
-5552 -1415 322
-7083 -6109 2674
-7629 -3751 -3202
-9830 -1193 5849
-6395 -3917 6959
-7101 2095 5960
-9896 -6979 -5852
-8684 1858 7630
-6709 -1290 8824
-7603 -1016 3568
-6761 -4598 1804
-8480 -6555 9751
-9962 3216 6969
-9403 3081 6333
-8466 1218 5921
-5794 1608 8149
-5594 -4228 3563
-8708 1207 3465
-8049 -5242 -4975
-7933 -7222 1417
-9481 -4698 7233
-5939 4371 7999
-7194 1448 5260
-8994 -5555 1088
-5710 2000 8288
-5651 -4741 1674
-5024 716 7318
-6847 -2831 1656
-9445 -7023 6554
-9759 -4598 -4020
-6689 -1111 6942
-7359 3002 8090
-8773 -4327 -102
-8345 -3732 9204
-7356 -5517 6172
-8847 -4528 -3209
-5673 -3760 9376
-8919 3616 6377
-7724 -1395 514
-9957 -9271 3143
-7568 -2909 2600
-7977 -7955 8048
-6049 -5667 2657
-5456 4823 9121
-6652 -2772 9529
-9548 1159 7603
-6388 -4399 -922
-6543 2230 2964
-6850 -1961 4581
-8061 -2535 6002
-6143 -4674 9611
-7394 3589 7561
-6231 -3637 9647
-9430 -969 6969
-9429 2683 6607
-8921 2391 3825
-7925 2509 4270
-5090 1544 7423
-5943 471 3649
-9320 -742 4759
-7936 2306 9650
-6719 1609 1681
-8451 -5037 -4429
-5143 918 2102
-9747 -6978 2478
-6927 -1805 -1181
-7698 -3368 90
-7402 -3375 9237
-9474 -3730 5518
-7022 133 9933
-9288 -1622 8366
-8212 3595 8185
-9238 -7351 -6965
-9738 163 9316
-6939 -5820 -2556
-7476 699 9220
-9922 2430 3428
-8925 -4626 550
-5160 1307 2153
-6020 4396 9722
-9105 2379 9285
-5955 4414 6156
-5496 4484 8327
-6116 -4011 5673
-8275 -7874 -855
-8419 29 7571
-7941 -1254 197
-9003 580 2277
-9428 3987 7278
-9087 -2606 474
-7117 4862 5886
-9536 2717 9825
-9675 -1216 -895
-5699 3414 8311
-8659 -5182 6457
-5811 1997 2837
-8451 3005 9768
-6887 -419 -384
-7825 2378 9752
-6375 4183 7582
-5228 3401 9856
-9700 -1733 734
-7182 -6365 -2763
-8938 -4870 -2197
-5351 -5063 1768
-6270 -4830 120
-8342 -425 8913
-9563 2919 6229
-9420 3323 5296
-6167 -2046 3387
-8446 -296 4776
-7106 -396 3660
-9532 -5016 -299
-6598 -3772 6462
-5189 -4582 -3121
-5925 -1985 2664
-8438 4274 7281
-6771 3719 6489
-8426 -6684 -4845
-9936 -7098 -339
-6898 -4991 -2812
-5332 4797 7782
-6521 3368 6558
-7616 1592 2178
-8319 3729 7210
-9524 -5930 769
-6003 836 2245
-7765 -4309 -3803
-5333 -3633 7409
-8119 -299 7158
-5031 3316 7955
-9069 -6652 -5145
-6153 -522 3444
-6391 -136 8534
-5204 2691 9278
-7503 -5679 1422
-7244 -2581 2608
-7869 -1553 1927
-9532 -4667 -2172
-9702 -1642 4478
-6115 -5234 -2664
-8288 -1413 4363
-8888 -667 4901
-9793 -6036 4686
-5781 4769 5844
-7807 1982 5702
-7431 2169 6461
-7675 147 2887
-8095 -4364 3304
-5037 -86 7549
-5556 -4064 6429
-8991 -994 -726
-5256 1484 4893
-5120 -1624 2380
-9722 -786 3824
-7712 -7232 4553
-8843 -8291 419
-7704 4963 6664
-9841 -9057 -7464
-7587 -847 7239
-7471 1367 7987
-8593 -6691 -4389
-8669 -2689 7103
-8357 -7131 8786
-9017 -4132 5499
-5993 3322 7460
-6132 -4684 -647
-9691 -9433 731
-5117 -2737 6859
-6832 211 3279
-9604 -2076 4222
-7677 -111 8974
-8455 -3726 -48
-6762 3716 5437
-8101 1229 3783
-6184 4046 5111
-7132 -6642 8450
-7700 469 1180
-9788 2269 7855
-8487 3142 8056
-8871 624 2108
-8225 -5192 -460
-7979 -5220 3203
-9393 3307 8147
-8821 -1758 1923
-5051 -4375 8664
-9882 -192 7882
-9704 1040 6055
-9776 -6927 -4327
-8673 -8110 -2854
-9046 280 8940
-6206 -1045 7795
-6884 -3159 -1180
-6580 -5407 1436
-8452 3591 4034
-5607 -714 -537
-8603 4712 7433
-6857 -2265 5823
-6716 1681 9036
-7861 -5395 -5160
-9105 2058 4503
-9062 -3972 -3552
-5781 -890 262
-6231 1447 4966
-8975 -8963 440
-5284 -1329 6553
-9445 -8300 -6066
-9336 1119 1971
-5568 674 9962
-9703 1192 9292
-6349 -3461 -799
-8976 2660 3274
-6477 1849 4993
-7495 -6542 303
-5551 -5326 8432
-8709 -422 5951
-5777 -897 2495
-7565 2852 4376
-7751 -3252 8949
-9735 -6614 583
-7125 3161 9040
-8086 -2340 272
-8162 -3192 105
-7733 -2863 5605
-9449 -8129 -5048
-6193 -3834 4624
-7218 -3712 7662
-5682 -3192 7933
-8247 -2004 4495
-6792 794 5273
-7685 -3727 3444
-7022 -725 3121
-6512 1201 7493
-5767 1061 4016
-5648 4289 5950
-7677 -467 7290
-8763 -8101 6450
-8702 -3742 48
-9720 -7089 5991
-8345 793 2436
-6937 4379 6986
-5847 -3243 -58
-8170 3969 9976
-5488 -2107 9177
-9642 -6675 -1670
-9000 513 6247
-9871 3948 4325
-9924 723 911
-7013 -3933 -1130
-8175 1646 3669
-7210 -2126 7798
-5214 -4795 -2132
-8754 -7357 1478
-8287 -4524 8139
-9550 -2902 6813
-5089 2466 4541
-6520 -785 2427
-6846 517 4171
-9864 -7268 5438
-9711 -8048 -1985
-7070 -2523 6350
-6988 -5123 2209
-6511 -1899 -1429
-7598 -2969 4216
-6811 -3831 1564
-6227 -6018 3579
-6078 2990 7668
-6751 -1338 2997
-6388 -4317 -1609
-9088 -2254 5344
-7469 2168 9793
-8795 -5533 8004
-9792 2384 3580
-5700 2783 7427
-5059 -4961 8031
-6701 -3138 11
-7877 -3113 2196
-8346 -5613 -5208
-6517 3510 4811
-7598 -2270 1178
-8353 -8283 -632
-7159 -1651 1237
-6964 -4302 2933
-9812 -4852 -3616
-5008 -4119 -3449
-8309 -7387 3546
-8472 3419 4899
-9914 1941 4468
-8849 -2891 3283
-6029 -4326 -2374
-9950 -380 7896
-7318 699 9596
-9975 -3632 -96
-9167 1066 9496
-6874 373 795
-7124 -3497 -1665
-8873 1737 6535
-7794 -3718 -3357
-8141 -1115 -150
-8292 -4622 5039
-7273 -920 1098
-5203 3985 9924
-5750 408 3879
-9541 -6789 3191
-7084 -3670 3859
-7438 -2421 -727
-5488 4686 6812
-5951 -2351 9186
-6478 -148 13
-9527 3260 6444
-7272 -2349 96
-6707 -1534 4667
-9484 -7889 1875
-8943 -7214 3948
-8843 -1944 5706
-5699 -686 7365
-7550 -972 -518
-9406 3837 6819
-9169 168 2314
-9888 1963 6101
-8819 3575 6986
-9301 899 6329
-5324 -1599 -1343
-7158 -2768 2806
-8187 1156 3701
-8432 3281 8214
-9198 -8451 1892
-8017 1058 1661
-8738 3091 3772
-5892 -10 4570
-6662 2223 6136
-7333 638 5488
-9322 -1853 4512
-7493 -4721 5711
-8289 -5517 -5004
-5928 4539 5388
-8398 4302 5925
-9006 -6678 3252
-5521 2658 2887
-6679 4025 6124
-7062 1421 9577
-9294 -8648 -4109
-6199 -3035 -1153
-7642 -4020 -3748
-7262 1505 6993
-9950 4748 6843
-5040 274 3319
-6305 4465 7312
-9365 -1867 8807
-6220 -4349 5552
-5929 4779 6244
-6410 -2136 407
-6518 1247 8662
-8062 -142 5164
-9730 -9249 4913
-6384 -993 -753
-5945 3922 8250
-7111 -4905 6889
-7347 1975 4804
-9804 -3463 2385
-9615 -7559 -5192
-6786 -4474 4229
-7897 -1063 5257
-7938 -7872 -2729
-8992 -5473 5065
-8632 -2493 8688
-5560 -1084 2243
-9339 -5492 -2008
-6557 516 5682
-6955 4738 7809
-8278 -4979 8357
-7517 -6795 7639
-6493 -231 1164
-7783 -579 7351
-5268 -3994 -788
-9604 1057 5782
-9016 4074 9704
-5748 -5592 1361
-7035 -4938 -2236
-8558 -481 7002
-5381 -2882 3852
-6150 -779 5002
-8176 2597 5079
-7457 -961 548
-6435 3559 4861
-6248 3873 4191
-6736 784 4233
-5644 -706 8250
-5506 2025 7008
-6988 -91 1939
-7465 -3505 714
-5199 4259 7621
-9112 -5529 1125
-9275 -5877 2210
-5158 -3103 5849
-7666 -2662 673
-9595 -5088 -256
-5211 1921 7016
-9777 4218 6483
-9880 4821 6698
-7714 -2895 -1127
-8140 4060 4452
-7775 -4178 9617
-6129 -3483 1548
-5722 1138 4322
-7890 -2127 1564
-8725 -2920 1366
-5513 2318 3176
-8169 -5709 505
-8906 -2931 3106
-7740 1516 1840
-5652 -4521 1441
-5684 -523 5637
-5516 -4370 4692
-7613 44 8684
-8652 -5619 -5327
-7458 -3934 9643
-8636 -5081 -4976
-8037 1147 4167
-9618 -9038 5908
-5445 -3108 4171
-8231 -4318 7844
-9136 -8695 3547
-8488 -834 406
-7540 -1507 1594
-5231 1923 5781
-7117 -6656 -5503
-5343 2029 2067
-8618 -3833 -1141
-5510 -5499 8318
-9365 4982 9040
-6461 2112 3520
-6260 -452 384
-8027 -7860 -6088
-8388 -3602 6274
-6442 1537 2242
-8181 4212 7333
-8664 -3558 -2571
-9259 2640 9146
-9328 -6585 2582
-8618 -6333 130
-5599 -3644 7437
-9355 1423 4338
-7577 -5666 3154
-7308 695 3077
-7327 3240 3972
-7154 -4849 -4841
-8269 4790 5225
-8409 3132 5804
-8072 -7931 6356
-5155 -4301 6734
-8713 -6006 5981
-7890 -7645 -6605
-6537 -5421 -4227
-5920 -5037 6180
-9911 3838 6028
-9075 -3239 -1415
-7366 -6665 3127
-7806 2733 5255
-6054 3565 6005
-8173 -4682 5303
-5034 4156 7601
-9493 91 1254
-8410 1205 4376
-7683 -1569 7374
-9080 1398 6704
-9316 3118 8685
-5881 -4375 2790
-6391 4522 9709
-8608 3103 9053
-6302 2325 3277
-8730 3244 7715
-5354 -381 2941
-7842 -5414 5267
-7208 -3256 6850
-6749 -2895 5931
-8605 3349 6977
-9045 -8025 -4164
-6454 -5940 -2483
-6690 -1461 7626
-9746 -1994 -259
-5478 2694 9198
-7737 -1868 920
-7370 2309 2364
-5218 -4277 6099
-8753 -8289 -550
-5352 -2647 -1899
-5750 -2708 7088
-7830 -3674 -2298
-9232 -4527 -4469
-8849 -6882 1771
-8386 -6971 4228
-6157 -2983 9047
-5437 -5233 7040
-6535 2359 7477
-9936 4780 6579
-7944 -5979 -2390
-7905 -802 -747
-5121 -2950 8188
-8134 -4081 -1599
-8655 2292 7814
-5682 -2578 6794
-8799 -5673 4807
-7975 -3845 -1441
-8841 1578 5399
-7421 38 1219
-9755 -4721 5554
-5154 4562 6697
-9246 -5030 -3970
-9824 -2977 -1269
-9145 692 8664
-9179 -1695 -730
-7397 2658 3162
-7077 4013 9634
-7486 -6687 7609
-8524 -1198 9897
-6125 1622 9044
-8415 4011 9799
-7250 717 2729
-6003 -5018 4438
-5084 -1543 7126
-6382 -4374 -1876
-9462 2275 3640
-7185 1503 2094
-7945 -3371 -876
-6137 792 2998
-5844 -1718 1200
-7895 2470 4772
-6866 2121 3467
-8112 -6304 8395
-7954 -1770 5940
-5385 -438 4627
-8525 -6120 8026
-6766 2261 3175
-8596 -2576 5518
-8967 -5741 2787
-8944 -1688 5691
-6959 -5438 4814
-7508 -188 6683
-8270 4597 9037
-6383 -4910 3670
-8271 -4563 -22
-7298 -6388 9458
-6418 3199 9928
-8385 -8214 -3109
-9934 -2279 4961
-7540 -6045 -4964
-6376 -520 6408
-7321 2032 8453
-8515 511 3076
-6565 2399 2537
-7247 -4069 4076
-7054 -3561 1774
-8511 -4590 7820
-7525 -7140 6255
-6332 -4169 -1053
-5770 -1986 -874
-7165 765 2962
-9516 -4170 -2399
-6255 1108 9727
-9746 -1921 3664
-7452 -6267 -446
-8094 -1465 7202
-8849 4508 5871
-5874 -464 8608
-8196 1431 3844
-9822 -933 4448
-8489 -6595 8213
-9926 -4308 2220
-7689 479 1923
-9106 -6690 6508
-7842 -5068 4736
-6257 -3763 399
-6914 -6188 9409
-5267 -242 8661
-6197 -1680 1053
-7439 -5786 -2409
-8647 3593 9365
-7553 -4256 5947
-6390 -1153 5145
-9073 -7299 -3214
-6501 -2558 2633
-8296 3354 6899
-9241 -3641 6661
-6051 3206 3227
-7851 -1220 5995
-9670 -2375 752
-9899 -8703 4689
-9343 -1303 3048
-6313 -5949 4690
-5855 3262 5535
-8864 -178 1123
-7975 -468 9505
-8445 3921 5480
-7878 1067 1529
-8238 -5884 9408
-9126 3119 9251
-8532 -1530 9174
-5045 2964 4836
-5973 1809 3211
-8220 -3841 481
-5609 -4577 6117
-8015 -4422 9892
-9109 -3466 -195
-5891 -1913 3083
-5505 929 5401
-8074 4786 5295
-5652 -2845 4189
-6454 4553 6858
-9194 -8625 -8337
-8079 -1976 2174
-7526 -7085 8703
-7962 2952 7045
-8742 -4213 -712
-5885 322 4258
-5554 -1719 380
-7627 529 7974
-9706 -5767 -4476
-8960 -3293 -246
-9293 -5813 1313
-5232 163 4745
-5294 -3172 -2761
-9909 -5538 2920
-7217 1322 2329
-8418 -19 5413
-9451 3133 9635
-8307 -4668 4143
-6762 96 5780
-7488 -534 16
-7487 -1805 8246
-9113 -4008 5953
-7965 -5327 5544
-5193 -1663 6291
-7561 -2285 4766
-8594 -3925 -699
-5808 -384 1652
-7558 -5266 8668
-5484 -1976 4566
-8025 -5310 1573
-7873 -5877 9160
-8958 -4575 1442
-5085 -945 6908
-9492 -9340 -5563
-7239 -941 2450
-5286 974 4839
-6597 -5369 -1646
-9514 -4276 6788
-8474 -6268 255
-6199 2341 9013
-7452 -5596 -92
-5517 -434 -215
-8883 4497 6610
-7486 -3663 4587
-7506 -3489 6128
-5702 2698 5600
-7690 1358 5446
-9570 -7930 -49
-9134 -6438 3866
-7435 2350 8819
-6123 2065 3086
-5416 -4051 -2937
-6996 1213 7911
-7546 -636 9720
-8655 -8601 -7135
-8846 -1046 -407
-6224 -3113 3631
-5026 -2281 8847
-5707 -511 4961
-7617 3756 4872
-9980 2335 2823
-5862 4889 7876
-8058 -2290 4214
-8952 -7666 2456
-5138 -4244 -67
-8065 -2493 7787
-9786 -5519 2206
-6965 -4951 1235
-9810 -9326 8832
-5576 1423 3972
-6865 -4094 8946
-6119 4087 9137
-7538 -1806 -662
-7587 2631 4692
-9301 793 3620
-6473 154 4818
-8575 -5658 6459
-5698 1240 4130
-8773 -1563 9055
-9864 -2671 5005
-9231 -1854 9771
-8679 -5505 3178
-7594 -5502 8164
-6455 1425 2951
-7915 -5039 9499
-5375 4057 9982
-9884 -5830 4432
-7114 193 9165
-6814 -1213 3935
-9089 -7608 -5847
-7301 -1880 -592
-5445 1158 6555
-6576 4040 4292
-6306 -3836 3481
-7984 -492 3230
-8763 2059 6351
-6776 -3855 -3319
-7126 -2935 -815
-7383 -7169 -1369
-6398 1972 2098
-8117 -4850 1535
-7744 -4010 3427
-9470 1866 1891
-8906 -2709 5583
-6714 -5869 9464
-8244 -5371 -3955
-7442 -6190 1460
-5575 -5432 -2100
-5276 4520 8179
-7409 1763 4916
-7136 3654 8237
-9363 -6531 -3369
-5085 -4269 2317
-8048 -2376 9101
-7638 -1078 8
-9396 -7789 -5005
-6092 -5652 -3425
-8842 -5764 5649
-5068 -1766 5009
-7334 -7077 -1354
-7619 4255 7750
-7917 -6784 -3043
-8656 -7542 -664
-8969 -4766 5475
-6776 1230 9023
-5821 -601 861
-8146 -5589 1069
-8960 4340 5093
-9960 -7635 7022
-8132 -3632 3077
-6277 -3142 6376
-5537 4445 6185
-5174 4702 5514
-9824 850 5311
-5450 799 6395
-7712 4769 8183
-5342 1207 1388
-6454 -1844 2445
-8699 -690 7267
-9499 -555 1987
-6609 1093 2798
-6250 1553 7440
-8260 -7290 1634
-8067 -4820 -4344
-9575 -6461 -3239
-7444 241 9123
-9521 -6787 -2560
-9887 2219 5374
-5760 753 2233
-5394 2272 9676
-5806 -1936 484
-6777 -2163 7500
-8304 384 4567
-9544 -1579 3883
-8026 -7625 -4824
-6366 2690 9899
-7076 -1997 -1908
-9848 -1634 3345
-8385 1963 5859
-6742 -4342 -3130
-8256 -3444 894
-7361 2043 6897
-8981 -4993 4259
-7655 -3456 -569
-9094 -798 192
-5673 -744 4346
-8844 -4212 4175
-8394 3155 5289
-6317 -5995 -71
-6010 -5570 5683
-5264 -4087 -3967
-5962 4980 5995
-6030 -2839 9298
-7151 -5271 -4835
